   0.0000000000000000        0.00000000    
   9.9999999747524271E-004   9.46491305E-03
   1.9999999949504854E-003   1.79345123E-02
   2.9999999924257281E-003   2.55138781E-02
   3.9999999899009708E-003   3.22945975E-02
   4.9999999873762135E-003   3.83620076E-02
   5.9999999848514562E-003   4.37913276E-02
   6.9999999823266990E-003   4.86496687E-02
   7.9999999798019417E-003   5.29970601E-02
   8.9999999772771844E-003   5.68872727E-02
   9.9999999747524271E-003   6.03683777E-02
   1.0999999972227670E-002   6.34833872E-02
   1.1999999969702912E-002   6.62707835E-02
   1.2999999967178155E-002   6.87650442E-02
   1.3999999964653398E-002   7.09969997E-02
   1.4999999962128641E-002   7.29942471E-02
   1.5999999959603883E-002   7.47814029E-02
   1.6999999957079126E-002   7.63806328E-02
   1.7999999954554369E-002   7.78116956E-02
   1.8999999952029611E-002   7.90922716E-02
   1.9999999949504854E-002   8.02381486E-02
   2.0999999946980097E-002   8.12634677E-02
   2.1999999944455340E-002   8.21810365E-02
   2.2999999941930582E-002   8.30020010E-02
   2.3999999939405825E-002   8.37368816E-02
   2.4999999936881068E-002   8.43942016E-02
   2.5999999934356310E-002   8.49965066E-02
   2.6999999931831553E-002   8.55355263E-02
   2.7999999929306796E-002   8.60181004E-02
   2.8999999926782039E-002   8.64497125E-02
   2.9999999924257281E-002   8.68362188E-02
   3.0999999921732524E-002   8.71811360E-02
   3.1999999919207767E-002   8.74908268E-02
   3.2999999916683009E-002   8.77677649E-02
   3.3999999914158252E-002   8.80149603E-02
   3.4999999911633495E-002   8.82355571E-02
   3.5999999909108737E-002   8.84348750E-02
   3.6999999906583980E-002   8.86136889E-02
   3.7999999904059223E-002   8.87683034E-02
   3.8999999901534466E-002   8.89169872E-02
   3.9999999899009708E-002   8.90361965E-02
   4.0999999896484951E-002   8.91554058E-02
   4.1999999893960194E-002   8.92519057E-02
   4.2999999891435436E-002   8.93413126E-02
   4.3999999888910679E-002   8.94307196E-02
   4.4999999886385922E-002   8.94974172E-02
   4.5999999883861165E-002   8.95570219E-02
   4.6999999881336407E-002   8.96166265E-02
   4.7999999878811650E-002   8.96762311E-02
   4.8999999876286893E-002   8.97280872E-02
   4.9999999873762135E-002   8.97578597E-02
   5.0999999871237378E-002   8.97876620E-02
   5.1999999868712621E-002   8.98174644E-02
   5.2999999866187864E-002   8.98472667E-02
   5.3999999863663106E-002   8.98770690E-02
   5.4999999861138349E-002   8.99068713E-02
   5.5999999858613592E-002   8.99366736E-02
   5.6999999856088834E-002   8.99664760E-02
   5.7999999853564077E-002   8.99885893E-02
   5.8999999851039320E-002   8.99885893E-02
   5.9999999848514562E-002   8.99885893E-02
   6.0999999845989805E-002   8.99885893E-02
   6.1999999843465048E-002   8.99885893E-02
   6.2999999840940291E-002   8.99885893E-02
   6.3999999838415533E-002   8.99885893E-02
   6.4999999835890776E-002   8.99885893E-02
   6.5999999833366019E-002   8.99885893E-02
   6.6999999830841261E-002   8.99885893E-02
   6.7999999828316504E-002   8.99885893E-02
   6.8999999825791747E-002   8.99885893E-02
   6.9999999823266990E-002   8.99885893E-02
   7.0999999820742232E-002   8.99885893E-02
   7.1999999818217475E-002   8.99885893E-02
   7.2999999815692718E-002   8.99885893E-02
   7.3999999813167960E-002   8.99885893E-02
   7.4999999810643203E-002   8.99885893E-02
   7.5999999808118446E-002   8.99885893E-02
   7.6999999805593689E-002   8.99885893E-02
   7.7999999803068931E-002   8.99885893E-02
   7.8999999800544174E-002   8.99885893E-02
   7.9999999798019417E-002   8.99885893E-02
   8.0999999795494659E-002   8.99885893E-02
   8.1999999792969902E-002   8.99885893E-02
   8.2999999790445145E-002   8.99885893E-02
   8.3999999787920387E-002   8.99885893E-02
   8.4999999785395630E-002   8.99885893E-02
   8.5999999782870873E-002   8.99885893E-02
   8.6999999780346116E-002   8.99885893E-02
   8.7999999777821358E-002   8.99885893E-02
   8.8999999775296601E-002   8.99885893E-02
   8.9999999772771844E-002   8.99885893E-02
   9.0999999770247086E-002   8.99885893E-02
   9.1999999767722329E-002   8.99885893E-02
   9.2999999765197572E-002   8.99885893E-02
   9.3999999762672815E-002   8.99885893E-02
   9.4999999760148057E-002   8.99885893E-02
   9.5999999757623300E-002   8.99885893E-02
   9.6999999755098543E-002   8.99885893E-02
   9.7999999752573785E-002   8.99885893E-02
   9.8999999750049028E-002   8.99885893E-02
   9.9999999747524271E-002   8.99885893E-02
  0.10099999974499951        8.99885893E-02
  0.10199999974247476        8.99885893E-02
  0.10299999973995000        8.99885893E-02
  0.10399999973742524        8.99885893E-02
  0.10499999973490048        8.99885893E-02
  0.10599999973237573        8.99885893E-02
  0.10699999972985097        8.99885893E-02
  0.10799999972732621        8.99885893E-02
  0.10899999972480146        8.99885893E-02
  0.10999999972227670        8.99885893E-02
  0.11099999971975194        8.99885893E-02
  0.11199999971722718        8.99885893E-02
  0.11299999971470243        8.99885893E-02
  0.11399999971217767        8.99885893E-02
  0.11499999970965291        8.99885893E-02
  0.11599999970712815        8.99885893E-02
  0.11699999970460340        8.99885893E-02
  0.11799999970207864        8.99885893E-02
  0.11899999969955388        8.99885893E-02
  0.11999999969702912        8.99885893E-02
  0.12099999969450437        8.99885893E-02
  0.12199999969197961        8.99885893E-02
  0.12299999968945485        8.99885893E-02
  0.12399999968693010        8.99885893E-02
  0.12499999968440534        8.99885893E-02
  0.12599999968188058        8.99885893E-02
  0.12699999967935582        8.99885893E-02
  0.12799999967683107        8.99885893E-02
  0.12899999967430631        8.99885893E-02
  0.12999999967178155        8.99885893E-02
  0.13099999966925679        8.99885893E-02
  0.13199999966673204        8.99885893E-02
  0.13299999966420728        8.99885893E-02
  0.13399999966168252        8.99885893E-02
  0.13499999965915777        8.99885893E-02
  0.13599999965663301        8.99885893E-02
  0.13699999965410825        8.99885893E-02
  0.13799999965158349        8.99885893E-02
  0.13899999964905874        8.99885893E-02
  0.13999999964653398        8.99885893E-02
  0.14099999964400922        8.99885893E-02
  0.14199999964148446        8.99885893E-02
  0.14299999963895971        8.99885893E-02
  0.14399999963643495        8.99885893E-02
  0.14499999963391019        8.99885893E-02
  0.14599999963138544        8.99885893E-02
  0.14699999962886068        8.99885893E-02
  0.14799999962633592        8.99885893E-02
  0.14899999962381116        8.99885893E-02
  0.14999999962128641        8.99885893E-02
  0.15099999961876165        8.99885893E-02
  0.15199999961623689        8.99885893E-02
  0.15299999961371213        8.99885893E-02
  0.15399999961118738        8.99885893E-02
  0.15499999960866262        8.99885893E-02
  0.15599999960613786        8.99885893E-02
  0.15699999960361311        8.99885893E-02
  0.15799999960108835        8.99885893E-02
  0.15899999959856359        8.99885893E-02
  0.15999999959603883        8.99885893E-02
  0.16099999959351408        8.99885893E-02
  0.16199999959098932        8.99885893E-02
  0.16299999958846456        8.99885893E-02
  0.16399999958593980        8.99885893E-02
  0.16499999958341505        8.99885893E-02
  0.16599999958089029        8.99885893E-02
  0.16699999957836553        8.99885893E-02
  0.16799999957584077        8.99885893E-02
  0.16899999957331602        8.99885893E-02
  0.16999999957079126        8.99885893E-02
  0.17099999956826650        8.99885893E-02
  0.17199999956574175        8.99885893E-02
  0.17299999956321699        8.99885893E-02
  0.17399999956069223        8.99885893E-02
  0.17499999955816747        8.99885893E-02
  0.17599999955564272        8.99885893E-02
  0.17699999955311796        8.99885893E-02
  0.17799999955059320        8.99885893E-02
  0.17899999954806844        8.99885893E-02
  0.17999999954554369        8.99885893E-02
  0.18099999954301893        8.99885893E-02
  0.18199999954049417        8.99885893E-02
  0.18299999953796942        8.99885893E-02
  0.18399999953544466        8.99885893E-02
  0.18499999953291990        8.99885893E-02
  0.18599999953039514        8.99885893E-02
  0.18699999952787039        8.99885893E-02
  0.18799999952534563        8.99885893E-02
  0.18899999952282087        8.99885893E-02
  0.18999999952029611        8.99885893E-02
  0.19099999951777136        8.99885893E-02
  0.19199999951524660        8.99885893E-02
  0.19299999951272184        8.99885893E-02
  0.19399999951019709        8.99885893E-02
  0.19499999950767233        8.99885893E-02
  0.19599999950514757        8.99885893E-02
  0.19699999950262281        8.99885893E-02
  0.19799999950009806        8.99885893E-02
  0.19899999949757330        8.99885893E-02
  0.19999999949504854        8.99885893E-02
  0.20099999949252378        8.99885893E-02
  0.20199999948999903        8.99885893E-02
  0.20299999948747427        8.99885893E-02
  0.20399999948494951        8.99885893E-02
  0.20499999948242476        8.99885893E-02
  0.20599999947990000        8.99885893E-02
  0.20699999947737524        8.99885893E-02
  0.20799999947485048        8.99885893E-02
  0.20899999947232573        8.99887085E-02
  0.20999999946980097        8.99887085E-02
  0.21099999946727621        8.99887085E-02
  0.21199999946475145        8.99887085E-02
  0.21299999946222670        8.99887085E-02
  0.21399999945970194        8.99887085E-02
  0.21499999945717718        8.99887085E-02
  0.21599999945465242        8.99887085E-02
  0.21699999945212767        8.99887085E-02
  0.21799999944960291        8.99887085E-02
  0.21899999944707815        8.99887085E-02
  0.21999999944455340        8.99887085E-02
  0.22099999944202864        8.99887085E-02
  0.22199999943950388        8.99887085E-02
  0.22299999943697912        8.99887085E-02
  0.22399999943445437        8.99887085E-02
  0.22499999943192961        8.99887085E-02
  0.22599999942940485        8.99887085E-02
  0.22699999942688009        8.99887085E-02
  0.22799999942435534        8.99887085E-02
  0.22899999942183058        8.99887085E-02
  0.22999999941930582        8.99887085E-02
  0.23099999941678107        8.99887085E-02
  0.23199999941425631        8.99887085E-02
  0.23299999941173155        8.99887085E-02
  0.23399999940920679        8.99887085E-02
  0.23499999940668204        8.99887085E-02
  0.23599999940415728        8.99887085E-02
  0.23699999940163252        8.99887085E-02
  0.23799999939910776        8.99887085E-02
  0.23899999939658301        8.99887085E-02
  0.23999999939405825        8.99887085E-02
  0.24099999939153349        8.99887085E-02
  0.24199999938900874        8.99887085E-02
  0.24299999938648398        8.99887085E-02
  0.24399999938395922        8.99887085E-02
  0.24499999938143446        8.99887085E-02
  0.24599999937890971        8.99887085E-02
  0.24699999937638495        8.99887085E-02
  0.24799999937386019        8.99887085E-02
  0.24899999937133543        8.99887085E-02
  0.24999999936881068        8.99887085E-02
  0.25099999936628592        8.99887085E-02
  0.25199999936376116        8.99887085E-02
  0.25299999936123641        8.99887085E-02
  0.25399999935871165        8.99887085E-02
  0.25499999935618689        8.99887085E-02
  0.25599999935366213        8.99887085E-02
  0.25699999935113738        8.99887085E-02
  0.25799999934861262        8.99887085E-02
  0.25899999934608786        8.99887085E-02
  0.25999999934356310        8.99887085E-02
  0.26099999934103835        8.99887085E-02
  0.26199999933851359        8.99887085E-02
  0.26299999933598883        8.99887085E-02
  0.26399999933346407        8.99887085E-02
  0.26499999933093932        8.99887085E-02
  0.26599999932841456        8.99887085E-02
  0.26699999932588980        8.99887085E-02
  0.26799999932336505        8.99887085E-02
  0.26899999932084029        8.99887085E-02
  0.26999999931831553        8.99887085E-02
  0.27099999931579077        8.99887085E-02
  0.27199999931326602        8.99887085E-02
  0.27299999931074126        8.99887085E-02
  0.27399999930821650        8.99887085E-02
  0.27499999930569174        8.99887085E-02
  0.27599999930316699        8.99887085E-02
  0.27699999930064223        8.99887085E-02
  0.27799999929811747        8.99887085E-02
  0.27899999929559272        8.99887085E-02
  0.27999999929306796        8.99887085E-02
  0.28099999929054320        8.99887085E-02
  0.28199999928801844        8.99887085E-02
  0.28299999928549369        8.99887085E-02
  0.28399999928296893        8.99887085E-02
  0.28499999928044417        8.99887085E-02
  0.28599999927791941        8.99887085E-02
  0.28699999927539466        8.99887085E-02
  0.28799999927286990        8.99887085E-02
  0.28899999927034514        8.99887085E-02
  0.28999999926782039        8.99887085E-02
  0.29099999926529563        8.99887085E-02
  0.29199999926277087        8.99887085E-02
  0.29299999926024611        8.99887085E-02
  0.29399999925772136        8.99887085E-02
  0.29499999925519660        8.99887085E-02
  0.29599999925267184        8.99887085E-02
  0.29699999925014708        8.99887085E-02
  0.29799999924762233        8.99887085E-02
  0.29899999924509757        8.99887085E-02
  0.29999999924257281        8.99887085E-02
  0.30099999924004806        8.99887085E-02
  0.30199999923752330        8.99887085E-02
  0.30299999923499854        8.99887085E-02
  0.30399999923247378        8.99887085E-02
  0.30499999922994903        8.99887085E-02
  0.30599999922742427        8.99887085E-02
  0.30699999922489951        8.99887085E-02
  0.30799999922237475        8.99887085E-02
  0.30899999921985000        8.99887085E-02
  0.30999999921732524        8.99887085E-02
  0.31099999921480048        8.99887085E-02
  0.31199999921227572        8.99887085E-02
  0.31299999920975097        8.99887085E-02
  0.31399999920722621        8.99887085E-02
  0.31499999920470145        8.99887085E-02
  0.31599999920217670        8.99887085E-02
  0.31699999919965194        8.99887085E-02
  0.31799999919712718        8.99887085E-02
  0.31899999919460242        8.99887085E-02
  0.31999999919207767        8.99887085E-02
  0.32099999918955291        8.99887085E-02
  0.32199999918702815        8.99887085E-02
  0.32299999918450339        8.99887085E-02
  0.32399999918197864        8.99887085E-02
  0.32499999917945388        8.99887085E-02
  0.32599999917692912        8.99887085E-02
  0.32699999917440437        8.99887085E-02
  0.32799999917187961        8.99887085E-02
  0.32899999916935485        8.99887085E-02
  0.32999999916683009        8.99887085E-02
  0.33099999916430534        8.99887085E-02
  0.33199999916178058        8.99887085E-02
  0.33299999915925582        8.99887085E-02
  0.33399999915673106        8.99887085E-02
  0.33499999915420631        8.99887085E-02
  0.33599999915168155        8.99887085E-02
  0.33699999914915679        8.99887085E-02
  0.33799999914663204        8.99887085E-02
  0.33899999914410728        8.99887085E-02
  0.33999999914158252        8.99887085E-02
  0.34099999913905776        8.99887085E-02
  0.34199999913653301        8.99887085E-02
  0.34299999913400825        8.99887085E-02
  0.34399999913148349        8.99887085E-02
  0.34499999912895873        8.99887085E-02
  0.34599999912643398        8.99887085E-02
  0.34699999912390922        8.99887085E-02
  0.34799999912138446        8.99887085E-02
  0.34899999911885971        8.99887085E-02
  0.34999999911633495        8.99887085E-02
  0.35099999911381019        8.99887085E-02
  0.35199999911128543        8.99887085E-02
  0.35299999910876068        8.99887085E-02
  0.35399999910623592        8.99887085E-02
  0.35499999910371116        8.99887085E-02
  0.35599999910118640        8.99887085E-02
  0.35699999909866165        8.99887085E-02
  0.35799999909613689        8.99887085E-02
  0.35899999909361213        8.99887085E-02
  0.35999999909108737        8.99887085E-02
  0.36099999908856262        8.99887085E-02
  0.36199999908603786        8.99887085E-02
  0.36299999908351310        8.99887085E-02
  0.36399999908098835        8.99887085E-02
  0.36499999907846359        8.99887085E-02
  0.36599999907593883        8.99887085E-02
  0.36699999907341407        8.99887085E-02
  0.36799999907088932        8.99887085E-02
  0.36899999906836456        8.99887085E-02
  0.36999999906583980        8.99887085E-02
  0.37099999906331504        8.99887085E-02
  0.37199999906079029        8.99887085E-02
  0.37299999905826553        8.99887085E-02
  0.37399999905574077        8.99887085E-02
  0.37499999905321602        8.99887085E-02
  0.37599999905069126        8.99887085E-02
  0.37699999904816650        8.99887085E-02
  0.37799999904564174        8.99887085E-02
  0.37899999904311699        8.99887085E-02
  0.37999999904059223        8.99887085E-02
  0.38099999903806747        8.99887085E-02
  0.38199999903554271        8.99887085E-02
  0.38299999903301796        8.99887085E-02
  0.38399999903049320        8.99887085E-02
  0.38499999902796844        8.99887085E-02
  0.38599999902544369        8.99887085E-02
  0.38699999902291893        8.99887085E-02
  0.38799999902039417        8.99887085E-02
  0.38899999901786941        8.99887085E-02
  0.38999999901534466        8.99887085E-02
  0.39099999901281990        8.99887085E-02
  0.39199999901029514        8.99887085E-02
  0.39299999900777038        8.99887085E-02
  0.39399999900524563        8.99887085E-02
  0.39499999900272087        8.99887085E-02
  0.39599999900019611        8.99887085E-02
  0.39699999899767136        8.99887085E-02
  0.39799999899514660        8.99887085E-02
  0.39899999899262184        8.99887085E-02
  0.39999999899009708        8.99884701E-02
  0.40099999898757233        8.99884701E-02
  0.40199999898504757        8.99884701E-02
  0.40299999898252281        8.99884701E-02
  0.40399999897999805        8.99884701E-02
  0.40499999897747330        8.99884701E-02
  0.40599999897494854        8.99884701E-02
  0.40699999897242378        8.99884701E-02
  0.40799999896989902        8.99884701E-02
  0.40899999896737427        8.99887085E-02
  0.40999999896484951        8.99887085E-02
  0.41099999896232475        8.99887085E-02
  0.41199999895980000        8.99887085E-02
  0.41299999895727524        8.99887085E-02
  0.41399999895475048        8.99887085E-02
  0.41499999895222572        8.99887085E-02
  0.41599999894970097        8.99887085E-02
  0.41699999894717621        8.99887085E-02
  0.41799999894465145        8.99887085E-02
  0.41899999894212669        8.99887085E-02
  0.41999999893960194        8.99887085E-02
  0.42099999893707718        8.99887085E-02
  0.42199999893455242        8.99887085E-02
  0.42299999893202767        8.99887085E-02
  0.42399999892950291        8.99887085E-02
  0.42499999892697815        8.99887085E-02
  0.42599999892445339        8.99887085E-02
  0.42699999892192864        8.99887085E-02
  0.42799999891940388        8.99887085E-02
  0.42899999891687912        8.99887085E-02
  0.42999999891435436        8.99887085E-02
  0.43099999891182961        8.99887085E-02
  0.43199999890930485        8.99887085E-02
  0.43299999890678009        8.99887085E-02
  0.43399999890425534        8.99887085E-02
  0.43499999890173058        8.99887085E-02
  0.43599999889920582        8.99887085E-02
  0.43699999889668106        8.99887085E-02
  0.43799999889415631        8.99887085E-02
  0.43899999889163155        8.99887085E-02
  0.43999999888910679        8.99887085E-02
  0.44099999888658203        8.99887085E-02
  0.44199999888405728        8.99887085E-02
  0.44299999888153252        8.99887085E-02
  0.44399999887900776        8.99887085E-02
  0.44499999887648301        8.99887085E-02
  0.44599999887395825        8.99887085E-02
  0.44699999887143349        8.99887085E-02
  0.44799999886890873        8.99887085E-02
  0.44899999886638398        8.99887085E-02
  0.44999999886385922        8.99887085E-02
  0.45099999886133446        8.99887085E-02
  0.45199999885880970        8.99887085E-02
  0.45299999885628495        8.99887085E-02
  0.45399999885376019        8.99887085E-02
  0.45499999885123543        8.99887085E-02
  0.45599999884871067        8.99887085E-02
  0.45699999884618592        8.99887085E-02
  0.45799999884366116        8.99887085E-02
  0.45899999884113640        8.99887085E-02
  0.45999999883861165        8.99887085E-02
  0.46099999883608689        8.99887085E-02
  0.46199999883356213        8.99887085E-02
  0.46299999883103737        8.99887085E-02
  0.46399999882851262        8.99887085E-02
  0.46499999882598786        8.99887085E-02
  0.46599999882346310        8.99887085E-02
  0.46699999882093834        8.99887085E-02
  0.46799999881841359        8.99887085E-02
  0.46899999881588883        8.99887085E-02
  0.46999999881336407        8.99887085E-02
  0.47099999881083932        8.99887085E-02
  0.47199999880831456        8.99887085E-02
  0.47299999880578980        8.99887085E-02
  0.47399999880326504        8.99887085E-02
  0.47499999880074029        8.99887085E-02
  0.47599999879821553        8.99887085E-02
  0.47699999879569077        8.99887085E-02
  0.47799999879316601        8.99887085E-02
  0.47899999879064126        8.99887085E-02
  0.47999999878811650        8.99887085E-02
  0.48099999878559174        8.99887085E-02
  0.48199999878306699        8.99887085E-02
  0.48299999878054223        8.99887085E-02
  0.48399999877801747        8.99887085E-02
  0.48499999877549271        8.99887085E-02
  0.48599999877296796        8.99887085E-02
  0.48699999877044320        8.99887085E-02
  0.48799999876791844        8.99887085E-02
  0.48899999876539368        8.99887085E-02
  0.48999999876286893        8.99887085E-02
  0.49099999876034417        8.99887085E-02
  0.49199999875781941        8.99887085E-02
  0.49299999875529465        8.99887085E-02
  0.49399999875276990        8.99887085E-02
  0.49499999875024514        8.99887085E-02
  0.49599999874772038        8.99887085E-02
  0.49699999874519563        8.99887085E-02
  0.49799999874267087        8.99887085E-02
  0.49899999874014611        8.99887085E-02
  0.49999999873762135        8.99887085E-02
  0.50099999873509660        8.99887085E-02
  0.50199999873257184        8.99887085E-02
  0.50299999873004708        8.99887085E-02
  0.50399999872752232        8.99887085E-02
  0.50499999872499757        8.99887085E-02
  0.50599999872247281        8.99887085E-02
  0.50699999871994805        8.99887085E-02
  0.50799999871742330        8.99887085E-02
  0.50899999871489854        8.99887085E-02
  0.50999999871237378        8.99887085E-02
  0.51099999870984902        8.99887085E-02
  0.51199999870732427        8.99887085E-02
  0.51299999870479951        8.99887085E-02
  0.51399999870227475        8.99887085E-02
  0.51499999869974999        8.99887085E-02
  0.51599999869722524        8.99887085E-02
  0.51699999869470048        8.99887085E-02
  0.51799999869217572        8.99887085E-02
  0.51899999868965097        8.99887085E-02
  0.51999999868712621        8.99887085E-02
  0.52099999868460145        8.99887085E-02
  0.52199999868207669        8.99887085E-02
  0.52299999867955194        8.99887085E-02
  0.52399999867702718        8.99887085E-02
  0.52499999867450242        8.99887085E-02
  0.52599999867197766        8.99887085E-02
  0.52699999866945291        8.99887085E-02
  0.52799999866692815        8.99887085E-02
  0.52899999866440339        8.99887085E-02
  0.52999999866187864        8.99887085E-02
  0.53099999865935388        8.99887085E-02
  0.53199999865682912        8.99887085E-02
  0.53299999865430436        8.99887085E-02
  0.53399999865177961        8.99887085E-02
  0.53499999864925485        8.99887085E-02
  0.53599999864673009        8.99887085E-02
  0.53699999864420533        8.99887085E-02
  0.53799999864168058        8.99887085E-02
  0.53899999863915582        8.99887085E-02
  0.53999999863663106        8.99887085E-02
  0.54099999863410630        8.99887085E-02
  0.54199999863158155        8.99887085E-02
  0.54299999862905679        8.99887085E-02
  0.54399999862653203        8.99887085E-02
  0.54499999862400728        8.99887085E-02
  0.54599999862148252        8.99887085E-02
  0.54699999861895776        8.99887085E-02
  0.54799999861643300        8.99887085E-02
  0.54899999861390825        8.99887085E-02
  0.54999999861138349        8.99887085E-02
  0.55099999860885873        8.99887085E-02
  0.55199999860633397        8.99887085E-02
  0.55299999860380922        8.99887085E-02
  0.55399999860128446        8.99887085E-02
  0.55499999859875970        8.99887085E-02
  0.55599999859623495        8.99887085E-02
  0.55699999859371019        8.99887085E-02
  0.55799999859118543        8.99887085E-02
  0.55899999858866067        8.99887085E-02
  0.55999999858613592        8.99887085E-02
  0.56099999858361116        8.99887085E-02
  0.56199999858108640        8.99887085E-02
  0.56299999857856164        8.99887085E-02
  0.56399999857603689        8.99887085E-02
  0.56499999857351213        8.99887085E-02
  0.56599999857098737        8.99887085E-02
  0.56699999856846262        8.99887085E-02
  0.56799999856593786        8.99887085E-02
  0.56899999856341310        8.99887085E-02
  0.56999999856088834        8.99887085E-02
  0.57099999855836359        8.99887085E-02
  0.57199999855583883        8.99887085E-02
  0.57299999855331407        8.99887085E-02
  0.57399999855078931        8.99887085E-02
  0.57499999854826456        8.99887085E-02
  0.57599999854573980        8.99887085E-02
  0.57699999854321504        8.99887085E-02
  0.57799999854069029        8.99887085E-02
  0.57899999853816553        8.99887085E-02
  0.57999999853564077        8.99887085E-02
  0.58099999853311601        8.99887085E-02
  0.58199999853059126        8.99887085E-02
  0.58299999852806650        8.99887085E-02
  0.58399999852554174        8.99887085E-02
  0.58499999852301698        8.99887085E-02
  0.58599999852049223        8.99887085E-02
  0.58699999851796747        8.99887085E-02
  0.58799999851544271        8.99887085E-02
  0.58899999851291795        8.99887085E-02
  0.58999999851039320        8.99887085E-02
  0.59099999850786844        8.99887085E-02
  0.59199999850534368        8.99887085E-02
  0.59299999850281893        8.99887085E-02
  0.59399999850029417        8.99887085E-02
  0.59499999849776941        8.99887085E-02
  0.59599999849524465        8.99887085E-02
  0.59699999849271990        8.99887085E-02
  0.59799999849019514        8.99887085E-02
  0.59899999848767038        8.99887085E-02
  0.59999999848514562        8.99887085E-02
  0.60099999848262087        8.99887085E-02
  0.60199999848009611        8.99887085E-02
  0.60299999847757135        8.99887085E-02
  0.60399999847504660        8.99887085E-02
  0.60499999847252184        8.99887085E-02
  0.60599999846999708        8.99887085E-02
  0.60699999846747232        8.99887085E-02
  0.60799999846494757        8.99887085E-02
  0.60899999846242281        8.99887085E-02
  0.60999999845989805        8.99887085E-02
  0.61099999845737329        8.99887085E-02
  0.61199999845484854        8.99887085E-02
  0.61299999845232378        8.99887085E-02
  0.61399999844979902        8.99887085E-02
  0.61499999844727427        8.99887085E-02
  0.61599999844474951        8.99887085E-02
  0.61699999844222475        8.99887085E-02
  0.61799999843969999        8.99887085E-02
  0.61899999843717524        8.99887085E-02
  0.61999999843465048        8.99887085E-02
  0.62099999843212572        8.99887085E-02
  0.62199999842960096        8.99887085E-02
  0.62299999842707621        8.99887085E-02
  0.62399999842455145        8.99887085E-02
  0.62499999842202669        8.99887085E-02
  0.62599999841950194        8.99887085E-02
  0.62699999841697718        8.99887085E-02
  0.62799999841445242        8.99887085E-02
  0.62899999841192766        8.99887085E-02
  0.62999999840940291        8.99887085E-02
  0.63099999840687815        8.99887085E-02
  0.63199999840435339        8.99887085E-02
  0.63299999840182863        8.99887085E-02
  0.63399999839930388        8.99887085E-02
  0.63499999839677912        8.99887085E-02
  0.63599999839425436        8.99887085E-02
  0.63699999839172960        8.99887085E-02
  0.63799999838920485        8.99887085E-02
  0.63899999838668009        8.99887085E-02
  0.63999999838415533        8.99887085E-02
  0.64099999838163058        8.99887085E-02
  0.64199999837910582        8.99887085E-02
  0.64299999837658106        8.99887085E-02
  0.64399999837405630        8.99887085E-02
  0.64499999837153155        8.99887085E-02
  0.64599999836900679        8.99887085E-02
  0.64699999836648203        8.99887085E-02
  0.64799999836395727        8.99887085E-02
  0.64899999836143252        8.99887085E-02
  0.64999999835890776        8.99887085E-02
  0.65099999835638300        8.99887085E-02
  0.65199999835385825        8.99887085E-02
  0.65299999835133349        8.99887085E-02
  0.65399999834880873        8.99887085E-02
  0.65499999834628397        8.99887085E-02
  0.65599999834375922        8.99887085E-02
  0.65699999834123446        8.99887085E-02
  0.65799999833870970        8.99887085E-02
  0.65899999833618494        8.99887085E-02
  0.65999999833366019        8.99887085E-02
  0.66099999833113543        8.99887085E-02
  0.66199999832861067        8.99887085E-02
  0.66299999832608592        8.99887085E-02
  0.66399999832356116        8.99887085E-02
  0.66499999832103640        8.99887085E-02
  0.66599999831851164        8.99887085E-02
  0.66699999831598689        8.99887085E-02
  0.66799999831346213        8.99887085E-02
  0.66899999831093737        8.99887085E-02
  0.66999999830841261        8.99887085E-02
  0.67099999830588786        8.99887085E-02
  0.67199999830336310        8.99887085E-02
  0.67299999830083834        8.99887085E-02
  0.67399999829831359        8.99887085E-02
  0.67499999829578883        8.99887085E-02
  0.67599999829326407        8.99887085E-02
  0.67699999829073931        8.99887085E-02
  0.67799999828821456        8.99887085E-02
  0.67899999828568980        8.99887085E-02
  0.67999999828316504        8.99887085E-02
  0.68099999828064028        8.99887085E-02
  0.68199999827811553        8.99887085E-02
  0.68299999827559077        8.99887085E-02
  0.68399999827306601        8.99887085E-02
  0.68499999827054125        8.99887085E-02
  0.68599999826801650        8.99887085E-02
  0.68699999826549174        8.99887085E-02
  0.68799999826296698        8.99887085E-02
  0.68899999826044223        8.99887085E-02
  0.68999999825791747        8.99887085E-02
  0.69099999825539271        8.99887085E-02
  0.69199999825286795        8.99887085E-02
  0.69299999825034320        8.99887085E-02
  0.69399999824781844        8.99887085E-02
  0.69499999824529368        8.99887085E-02
  0.69599999824276892        8.99887085E-02
  0.69699999824024417        8.99887085E-02
  0.69799999823771941        8.99887085E-02
  0.69899999823519465        8.99887085E-02
  0.69999999823266990        8.99887085E-02
  0.70099999823014514        8.99887085E-02
  0.70199999822762038        8.99887085E-02
  0.70299999822509562        8.99887085E-02
  0.70399999822257087        8.99887085E-02
  0.70499999822004611        8.99887085E-02
  0.70599999821752135        8.99887085E-02
  0.70699999821499659        8.99887085E-02
  0.70799999821247184        8.99887085E-02
  0.70899999820994708        8.99887085E-02
  0.70999999820742232        8.99887085E-02
  0.71099999820489757        8.99887085E-02
  0.71199999820237281        8.99887085E-02
  0.71299999819984805        8.99887085E-02
  0.71399999819732329        8.99887085E-02
  0.71499999819479854        8.99887085E-02
  0.71599999819227378        8.99887085E-02
  0.71699999818974902        8.99887085E-02
  0.71799999818722426        8.99887085E-02
  0.71899999818469951        8.99887085E-02
  0.71999999818217475        8.99887085E-02
  0.72099999817964999        8.99887085E-02
  0.72199999817712524        8.99887085E-02
  0.72299999817460048        8.99887085E-02
  0.72399999817207572        8.99887085E-02
  0.72499999816955096        8.99887085E-02
  0.72599999816702621        8.99887085E-02
  0.72699999816450145        8.99887085E-02
  0.72799999816197669        8.99887085E-02
  0.72899999815945193        8.99887085E-02
  0.72999999815692718        8.99887085E-02
  0.73099999815440242        8.99887085E-02
  0.73199999815187766        8.99887085E-02
  0.73299999814935290        8.99887085E-02
  0.73399999814682815        8.99887085E-02
  0.73499999814430339        8.99887085E-02
  0.73599999814177863        8.99887085E-02
  0.73699999813925388        8.99887085E-02
  0.73799999813672912        8.99887085E-02
  0.73899999813420436        8.99887085E-02
  0.73999999813167960        8.99887085E-02
  0.74099999812915485        8.99887085E-02
  0.74199999812663009        8.99887085E-02
  0.74299999812410533        8.99887085E-02
  0.74399999812158057        8.99887085E-02
  0.74499999811905582        8.99887085E-02
  0.74599999811653106        8.99887085E-02
  0.74699999811400630        8.99887085E-02
  0.74799999811148155        8.99887085E-02
  0.74899999810895679        8.99887085E-02
  0.74999999810643203        8.99887085E-02
  0.75099999810390727        8.99887085E-02
  0.75199999810138252        8.99887085E-02
  0.75299999809885776        8.99887085E-02
  0.75399999809633300        8.99887085E-02
  0.75499999809380824        8.99887085E-02
  0.75599999809128349        8.99887085E-02
  0.75699999808875873        8.99887085E-02
  0.75799999808623397        8.99887085E-02
  0.75899999808370922        8.99887085E-02
  0.75999999808118446        8.99887085E-02
  0.76099999807865970        8.99887085E-02
  0.76199999807613494        8.99887085E-02
  0.76299999807361019        8.99887085E-02
  0.76399999807108543        8.99887085E-02
  0.76499999806856067        8.99887085E-02
  0.76599999806603591        8.99887085E-02
  0.76699999806351116        8.99887085E-02
  0.76799999806098640        8.99887085E-02
  0.76899999805846164        8.99887085E-02
  0.76999999805593689        8.99887085E-02
  0.77099999805341213        8.99887085E-02
  0.77199999805088737        8.99887085E-02
  0.77299999804836261        8.99887085E-02
  0.77399999804583786        8.99887085E-02
  0.77499999804331310        8.99887085E-02
  0.77599999804078834        8.99887085E-02
  0.77699999803826358        8.99887085E-02
  0.77799999803573883        8.99887085E-02
  0.77899999803321407        8.99887085E-02
  0.77999999803068931        8.99887085E-02
  0.78099999802816455        8.99887085E-02
  0.78199999802563980        8.99887085E-02
  0.78299999802311504        8.99887085E-02
  0.78399999802059028        8.99887085E-02
  0.78499999801806553        8.99887085E-02
  0.78599999801554077        8.99887085E-02
  0.78699999801301601        8.99887085E-02
  0.78799999801049125        8.99887085E-02
  0.78899999800796650        8.99887085E-02
  0.78999999800544174        8.99887085E-02
  0.79099999800291698        8.99887085E-02
  0.79199999800039222        8.99887085E-02
  0.79299999799786747        8.99887085E-02
  0.79399999799534271        8.99887085E-02
  0.79499999799281795        8.99887085E-02
  0.79599999799029320        8.99887085E-02
  0.79699999798776844        8.99887085E-02
  0.79799999798524368        8.99887085E-02
  0.79899999798271892        8.99658203E-02
  0.79999999798019417        8.94889832E-02
  0.80099999797766941        8.90121460E-02
  0.80199999797514465        8.85353088E-02
  0.80299999797261989        8.80584717E-02
  0.80399999797009514        8.79840851E-02
  0.80499999796757038        8.79840851E-02
  0.80599999796504562        8.79840851E-02
  0.80699999796252087        8.79840851E-02
  0.80799999795999611        8.79840851E-02
  0.80899999795747135        8.79840851E-02
  0.80999999795494659        8.79840851E-02
  0.81099999795242184        8.79840851E-02
  0.81199999794989708        8.79840851E-02
  0.81299999794737232        8.79840851E-02
  0.81399999794484756        8.79840851E-02
  0.81499999794232281        8.79840851E-02
  0.81599999793979805        8.79840851E-02
  0.81699999793727329        8.79840851E-02
  0.81799999793474854        8.79840851E-02
  0.81899999793222378        8.79840851E-02
  0.81999999792969902        8.79840851E-02
  0.82099999792717426        8.79840851E-02
  0.82199999792464951        8.79840851E-02
  0.82299999792212475        8.79840851E-02
  0.82399999791959999        8.79840851E-02
  0.82499999791707523        8.79840851E-02
  0.82599999791455048        8.79840851E-02
  0.82699999791202572        8.79840851E-02
  0.82799999790950096        8.79840851E-02
  0.82899999790697620        8.79840851E-02
  0.82999999790445145        8.79840851E-02
  0.83099999790192669        8.79840851E-02
  0.83199999789940193        8.79840851E-02
  0.83299999789687718        8.79840851E-02
  0.83399999789435242        8.79840851E-02
  0.83499999789182766        8.79840851E-02
  0.83599999788930290        8.79840851E-02
  0.83699999788677815        8.79840851E-02
  0.83799999788425339        8.79840851E-02
  0.83899999788172863        8.79840851E-02
  0.83999999787920387        8.79840851E-02
  0.84099999787667912        8.79840851E-02
  0.84199999787415436        8.79840851E-02
  0.84299999787162960        8.79840851E-02
  0.84399999786910485        8.79840851E-02
  0.84499999786658009        8.79840851E-02
  0.84599999786405533        8.79840851E-02
  0.84699999786153057        8.79840851E-02
  0.84799999785900582        8.79840851E-02
  0.84899999785648106        8.79840851E-02
  0.84999999785395630        8.79840851E-02
  0.85099999785143154        8.79840851E-02
  0.85199999784890679        8.79840851E-02
  0.85299999784638203        8.79840851E-02
  0.85399999784385727        8.79840851E-02
  0.85499999784133252        8.79840851E-02
  0.85599999783880776        8.79840851E-02
  0.85699999783628300        8.79840851E-02
  0.85799999783375824        8.79840851E-02
  0.85899999783123349        8.79840851E-02
  0.85999999782870873        8.79840851E-02
  0.86099999782618397        8.79840851E-02
  0.86199999782365921        8.79840851E-02
  0.86299999782113446        8.79840851E-02
  0.86399999781860970        8.79840851E-02
  0.86499999781608494        8.79840851E-02
  0.86599999781356019        8.79840851E-02
  0.86699999781103543        8.79840851E-02
  0.86799999780851067        8.79840851E-02
  0.86899999780598591        8.79840851E-02
  0.86999999780346116        8.79840851E-02
  0.87099999780093640        8.79840851E-02
  0.87199999779841164        8.79840851E-02
  0.87299999779588688        8.79840851E-02
  0.87399999779336213        8.79840851E-02
  0.87499999779083737        8.79840851E-02
  0.87599999778831261        8.79840851E-02
  0.87699999778578785        8.79840851E-02
  0.87799999778326310        8.79840851E-02
  0.87899999778073834        8.79840851E-02
  0.87999999777821358        8.79840851E-02
  0.88099999777568883        8.79840851E-02
  0.88199999777316407        8.79840851E-02
  0.88299999777063931        8.79840851E-02
  0.88399999776811455        8.79840851E-02
  0.88499999776558980        8.79840851E-02
  0.88599999776306504        8.79840851E-02
  0.88699999776054028        8.79840851E-02
  0.88799999775801552        8.79840851E-02
  0.88899999775549077        8.79840851E-02
  0.88999999775296601        8.79840851E-02
  0.89099999775044125        8.79840851E-02
  0.89199999774791650        8.79840851E-02
  0.89299999774539174        8.79840851E-02
  0.89399999774286698        8.79840851E-02
  0.89499999774034222        8.79840851E-02
  0.89599999773781747        8.79840851E-02
  0.89699999773529271        8.79840851E-02
  0.89799999773276795        8.79840851E-02
  0.89899999773024319        8.79840851E-02
  0.89999999772771844        8.79840851E-02
  0.90099999772519368        8.79840851E-02
  0.90199999772266892        8.79840851E-02
  0.90299999772014417        8.79840851E-02
  0.90399999771761941        8.79840851E-02
  0.90499999771509465        8.79840851E-02
  0.90599999771256989        8.79840851E-02
  0.90699999771004514        8.79840851E-02
  0.90799999770752038        8.79840851E-02
  0.90899999770499562        8.79840851E-02
  0.90999999770247086        8.79840851E-02
  0.91099999769994611        8.79840851E-02
  0.91199999769742135        8.79840851E-02
  0.91299999769489659        8.79840851E-02
  0.91399999769237184        8.79840851E-02
  0.91499999768984708        8.79840851E-02
  0.91599999768732232        8.79840851E-02
  0.91699999768479756        8.79840851E-02
  0.91799999768227281        8.79840851E-02
  0.91899999767974805        8.79840851E-02
  0.91999999767722329        8.79840851E-02
  0.92099999767469853        8.79840851E-02
  0.92199999767217378        8.79840851E-02
  0.92299999766964902        8.79840851E-02
  0.92399999766712426        8.79840851E-02
  0.92499999766459950        8.79840851E-02
  0.92599999766207475        8.79840851E-02
  0.92699999765954999        8.79840851E-02
  0.92799999765702523        8.79840851E-02
  0.92899999765450048        8.79840851E-02
  0.92999999765197572        8.79840851E-02
  0.93099999764945096        8.79840851E-02
  0.93199999764692620        8.79840851E-02
  0.93299999764440145        8.79840851E-02
  0.93399999764187669        8.79840851E-02
  0.93499999763935193        8.79840851E-02
  0.93599999763682717        8.79840851E-02
  0.93699999763430242        8.79840851E-02
  0.93799999763177766        8.79840851E-02
  0.93899999762925290        8.79840851E-02
  0.93999999762672815        8.79840851E-02
  0.94099999762420339        8.79840851E-02
  0.94199999762167863        8.79840851E-02
  0.94299999761915387        8.79840851E-02
  0.94399999761662912        8.79840851E-02
  0.94499999761410436        8.79840851E-02
  0.94599999761157960        8.79840851E-02
  0.94699999760905484        8.79840851E-02
  0.94799999760653009        8.79840851E-02
  0.94899999760400533        8.79840851E-02
  0.94999999760148057        8.79840851E-02
  0.95099999759895582        8.79840851E-02
  0.95199999759643106        8.79840851E-02
  0.95299999759390630        8.79840851E-02
  0.95399999759138154        8.79840851E-02
  0.95499999758885679        8.79840851E-02
  0.95599999758633203        8.79840851E-02
  0.95699999758380727        8.79840851E-02
  0.95799999758128251        8.79840851E-02
  0.95899999757875776        8.79840851E-02
  0.95999999757623300        8.79840851E-02
  0.96099999757370824        8.79840851E-02
  0.96199999757118348        8.79840851E-02
  0.96299999756865873        8.79840851E-02
  0.96399999756613397        8.79840851E-02
  0.96499999756360921        8.79840851E-02
  0.96599999756108446        8.79840851E-02
  0.96699999755855970        8.79840851E-02
  0.96799999755603494        8.79840851E-02
  0.96899999755351018        8.79840851E-02
  0.96999999755098543        8.79840851E-02
  0.97099999754846067        8.79840851E-02
  0.97199999754593591        8.79840851E-02
  0.97299999754341115        8.79840851E-02
  0.97399999754088640        8.79840851E-02
  0.97499999753836164        8.79840851E-02
  0.97599999753583688        8.79840851E-02
  0.97699999753331213        8.79840851E-02
  0.97799999753078737        8.79840851E-02
  0.97899999752826261        8.79840851E-02
  0.97999999752573785        8.79840851E-02
  0.98099999752321310        8.79840851E-02
  0.98199999752068834        8.79840851E-02
  0.98299999751816358        8.79840851E-02
  0.98399999751563882        8.79840851E-02
  0.98499999751311407        8.79840851E-02
  0.98599999751058931        8.79840851E-02
  0.98699999750806455        8.79840851E-02
  0.98799999750553980        8.79840851E-02
  0.98899999750301504        8.79840851E-02
  0.98999999750049028        8.79840851E-02
  0.99099999749796552        8.79840851E-02
  0.99199999749544077        8.79840851E-02
  0.99299999749291601        8.79840851E-02
  0.99399999749039125        8.79840851E-02
  0.99499999748786649        8.79840851E-02
  0.99599999748534174        8.79840851E-02
  0.99699999748281698        8.79840851E-02
  0.99799999748029222        8.79840851E-02
  0.99899999747776747        8.79840851E-02
  0.99999999747524271        8.79840851E-02
