   0.00000000      0.100000001    
  0.100000001      0.200000003    
  0.200000003      0.300000012    
  0.300000012      0.400000006    
  0.400000006      0.500000000    
  0.500000000      0.600000024    
  0.600000024      0.700000048    
  0.699999988      0.800000072    
  0.800000012      0.900000095    
  0.900000036       1.00000012    
   1.00000000       1.10000014    
   1.10000002       1.20000017    
   1.20000005       1.30000019    
   1.30000007       1.40000021    
   1.39999998       1.50000024    
   1.50000000       1.60000026    
   1.60000002       1.70000029    
   1.70000005       1.80000031    
   1.80000007       1.90000033    
   1.89999998       2.00000024    
   2.00000000       2.10000014    
   2.10000014       2.20000005    
   2.20000005       2.29999995    
   2.29999995       2.39999986    
   2.40000010       2.49999976    
   2.50000000       2.59999967    
   2.60000014       2.69999957    
   2.70000005       2.79999948    
   2.79999995       2.89999938    
   2.90000010       2.99999928    
   3.00000000       3.09999919    
   3.10000014       3.19999909    
   3.20000005       3.29999900    
   3.29999995       3.39999890    
   3.40000010       3.49999881    
   3.50000000       3.59999871    
   3.60000014       3.69999862    
   3.70000005       3.79999852    
   3.79999995       3.89999843    
   3.90000010       3.99999833    
   4.00000000       4.09999847    
   4.09999990       4.19999838    
   4.20000029       4.29999828    
   4.30000019       4.39999819    
   4.40000010       4.49999809    
   4.50000000       4.59999800    
   4.59999990       4.69999790    
   4.70000029       4.79999781    
   4.80000019       4.89999771    
   4.90000010       4.99999762    
   5.00000000       5.09999752    
   5.09999990       5.19999743    
   5.20000029       5.29999733    
   5.30000019       5.39999723    
   5.40000010       5.49999714    
   5.50000000       5.59999704    
   5.59999990       5.69999695    
   5.70000029       5.79999685    
   5.80000019       5.89999676    
   5.90000010       5.99999666    
   6.00000000       6.09999657    
   6.09999990       6.19999647    
   6.20000029       6.29999638    
   6.30000019       6.39999628    
   6.40000010       6.49999619    
   6.50000000       6.59999609    
   6.59999990       6.69999599    
   6.70000029       6.79999590    
   6.80000019       6.89999580    
   6.90000010       6.99999571    
   7.00000000       7.09999561    
   7.09999990       7.19999552    
   7.20000029       7.29999542    
   7.30000019       7.39999533    
   7.40000010       7.49999523    
   7.50000000       7.59999514    
   7.59999990       7.69999504    
   7.70000029       7.79999495    
   7.80000019       7.89999485    
   7.90000010       7.99999475    
   8.00000000       8.09999466    
   8.10000038       8.19999504    
   8.19999981       8.29999542    
   8.30000019       8.39999580    
   8.40000057       8.49999619    
   8.50000000       8.59999657    
   8.60000038       8.69999695    
   8.69999981       8.79999733    
   8.80000019       8.89999771    
   8.90000057       8.99999809    
   9.00000000       9.09999847    
   9.10000038       9.19999886    
   9.19999981       9.29999924    
   9.30000019       9.39999962    
   9.40000057       9.50000000    
   9.50000000       9.60000038    
   9.60000038       9.70000076    
   9.69999981       9.80000114    
   9.80000019       9.90000153    
   9.90000057       10.0000019    
   10.0000000       10.0000000    
