   0.0000000000000000        0.00000000    
   9.9999999747524271E-004   9.99995600E-03
   1.9999999949504854E-003   1.99999735E-02
   2.9999999924257281E-003   3.00005153E-02
   3.9999999899009708E-003   3.99994254E-02
   4.9999999873762135E-003   4.99981046E-02
   5.9999999848514562E-003   5.99967837E-02
   6.9999999823266990E-003   6.99954629E-02
   7.9999999798019417E-003   7.99941421E-02
   8.9999999772771844E-003   8.99928212E-02
   9.9999999747524271E-003   9.99915004E-02
   1.0999999972227670E-002  0.109990180    
   1.1999999969702912E-002  0.119988859    
   1.2999999967178155E-002  0.129987538    
   1.3999999964653398E-002  0.139986217    
   1.4999999962128641E-002  0.149984896    
   1.5999999959603883E-002  0.159983575    
   1.6999999957079126E-002  0.169982255    
   1.7999999954554369E-002  0.179980934    
   1.8999999952029611E-002  0.189979613    
   1.9999999949504854E-002  0.199978292    
   2.0999999946980097E-002  0.209976971    
   2.1999999944455340E-002  0.219975650    
   2.2999999941930582E-002  0.229974329    
   2.3999999939405825E-002  0.239973009    
   2.4999999936881068E-002  0.249971688    
   2.5999999934356310E-002  0.259985238    
   2.6999999931831553E-002  0.269998819    
   2.7999999929306796E-002  0.280012399    
   2.8999999926782039E-002  0.290025979    
   2.9999999924257281E-002  0.300039560    
   3.0999999921732524E-002  0.310053140    
   3.1999999919207767E-002  0.320066720    
   3.2999999916683009E-002  0.330080301    
   3.3999999914158252E-002  0.340093881    
   3.4999999911633495E-002  0.350107461    
   3.5999999909108737E-002  0.360121042    
   3.6999999906583980E-002  0.370134622    
   3.7999999904059223E-002  0.380148202    
   3.8999999901534466E-002  0.390161783    
   3.9999999899009708E-002  0.400175363    
   4.0999999896484951E-002  0.410188943    
   4.1999999893960194E-002  0.420202523    
   4.2999999891435436E-002  0.430216104    
   4.3999999888910679E-002  0.440229684    
   4.4999999886385922E-002  0.450243264    
   4.5999999883861165E-002  0.460256845    
   4.6999999881336407E-002  0.470270425    
   4.7999999878811650E-002  0.480284005    
   4.8999999876286893E-002  0.490297586    
   4.9999999873762135E-002  0.500311136    
   5.0999999871237378E-002  0.510324717    
   5.1999999868712621E-002  0.520338297    
   5.2999999866187864E-002  0.530351877    
   5.3999999863663106E-002  0.540365458    
   5.4999999861138349E-002  0.550379038    
   5.5999999858613592E-002  0.560392618    
   5.6999999856088834E-002  0.570406199    
   5.7999999853564077E-002  0.580419779    
   5.8999999851039320E-002  0.590433359    
   5.9999999848514562E-002  0.600446939    
   6.0999999845989805E-002  0.610460520    
   6.1999999843465048E-002  0.620474100    
   6.2999999840940291E-002  0.630487680    
   6.3999999838415533E-002  0.640501261    
   6.4999999835890776E-002  0.650514841    
   6.5999999833366019E-002  0.660528421    
   6.6999999830841261E-002  0.670542002    
   6.7999999828316504E-002  0.680555582    
   6.8999999825791747E-002  0.690569162    
   6.9999999823266990E-002  0.700582743    
   7.0999999820742232E-002  0.710596323    
   7.1999999818217475E-002  0.720609903    
   7.2999999815692718E-002  0.730623484    
   7.3999999813167960E-002  0.740637064    
   7.4999999810643203E-002  0.750650644    
   7.5999999808118446E-002  0.760664225    
   7.6999999805593689E-002  0.770677805    
   7.7999999803068931E-002  0.780691385    
   7.8999999800544174E-002  0.790704966    
   7.9999999798019417E-002  0.800718546    
   8.0999999795494659E-002  0.810732126    
   8.1999999792969902E-002  0.820745707    
   8.2999999790445145E-002  0.830759287    
   8.3999999787920387E-002  0.840772867    
   8.4999999785395630E-002  0.850786448    
   8.5999999782870873E-002  0.860800028    
   8.6999999780346116E-002  0.870813608    
   8.7999999777821358E-002  0.880827188    
   8.8999999775296601E-002  0.890840769    
   8.9999999772771844E-002  0.900854349    
   9.0999999770247086E-002  0.910867929    
   9.1999999767722329E-002  0.920881510    
   9.2999999765197572E-002  0.930895090    
   9.3999999762672815E-002  0.940908670    
   9.4999999760148057E-002  0.950922251    
   9.5999999757623300E-002  0.960935831    
   9.6999999755098543E-002  0.970949411    
   9.7999999752573785E-002  0.980962992    
   9.8999999750049028E-002  0.990976572    
   9.9999999747524271E-002   1.00099015    
  0.10099999974499951        1.01100373    
  0.10199999974247476        1.02101731    
  0.10299999973995000        1.03103089    
  0.10399999973742524        1.04104447    
  0.10499999973490048        1.05105805    
  0.10599999973237573        1.06107163    
  0.10699999972985097        1.07108521    
  0.10799999972732621        1.08109879    
  0.10899999972480146        1.09111238    
  0.10999999972227670        1.10112596    
  0.11099999971975194        1.11113954    
  0.11199999971722718        1.12115312    
  0.11299999971470243        1.13116670    
  0.11399999971217767        1.14118028    
  0.11499999970965291        1.15119386    
  0.11599999970712815        1.16120744    
  0.11699999970460340        1.17122102    
  0.11799999970207864        1.18123460    
  0.11899999969955388        1.19124818    
  0.11999999969702912        1.20126176    
  0.12099999969450437        1.21127534    
  0.12199999969197961        1.22128892    
  0.12299999968945485        1.23130250    
  0.12399999968693010        1.24131608    
  0.12499999968440534        1.25132966    
  0.12599999968188058        1.26134324    
  0.12699999967935582        1.27135682    
  0.12799999967683107        1.28137040    
  0.12899999967430631        1.29138398    
  0.12999999967178155        1.30139756    
  0.13099999966925679        1.31141114    
  0.13199999966673204        1.32142472    
  0.13299999966420728        1.33143830    
  0.13399999966168252        1.34145188    
  0.13499999965915777        1.35146546    
  0.13599999965663301        1.36147904    
  0.13699999965410825        1.37149262    
  0.13799999965158349        1.38150620    
  0.13899999964905874        1.39151978    
  0.13999999964653398        1.40153337    
  0.14099999964400922        1.41154695    
  0.14199999964148446        1.42156053    
  0.14299999963895971        1.43157411    
  0.14399999963643495        1.44158769    
  0.14499999963391019        1.45160127    
  0.14599999963138544        1.46161485    
  0.14699999962886068        1.47162843    
  0.14799999962633592        1.48164201    
  0.14899999962381116        1.49165559    
  0.14999999962128641        1.50166917    
  0.15099999961876165        1.51168275    
  0.15199999961623689        1.52169633    
  0.15299999961371213        1.53170991    
  0.15399999961118738        1.54172349    
  0.15499999960866262        1.55173707    
  0.15599999960613786        1.56175065    
  0.15699999960361311        1.57176423    
  0.15799999960108835        1.58177781    
  0.15899999959856359        1.59179139    
  0.15999999959603883        1.60180497    
  0.16099999959351408        1.61181855    
  0.16199999959098932        1.62183213    
  0.16299999958846456        1.63184571    
  0.16399999958593980        1.64185929    
  0.16499999958341505        1.65187287    
  0.16599999958089029        1.66188645    
  0.16699999957836553        1.67190003    
  0.16799999957584077        1.68191361    
  0.16899999957331602        1.69192719    
  0.16999999957079126        1.70194077    
  0.17099999956826650        1.71195436    
  0.17199999956574175        1.72196794    
  0.17299999956321699        1.73198152    
  0.17399999956069223        1.74199510    
  0.17499999955816747        1.75200868    
  0.17599999955564272        1.76202226    
  0.17699999955311796        1.77203584    
  0.17799999955059320        1.78204942    
  0.17899999954806844        1.79206300    
  0.17999999954554369        1.80207658    
  0.18099999954301893        1.81209016    
  0.18199999954049417        1.82210374    
  0.18299999953796942        1.83211732    
  0.18399999953544466        1.84213090    
  0.18499999953291990        1.85214448    
  0.18599999953039514        1.86215806    
  0.18699999952787039        1.87217164    
  0.18799999952534563        1.88218522    
  0.18899999952282087        1.89219880    
  0.18999999952029611        1.90221238    
  0.19099999951777136        1.91222596    
  0.19199999951524660        1.92223954    
  0.19299999951272184        1.93225312    
  0.19399999951019709        1.94226670    
  0.19499999950767233        1.95228028    
  0.19599999950514757        1.96229386    
  0.19699999950262281        1.97230744    
  0.19799999950009806        1.98232102    
  0.19899999949757330        1.99233460    
  0.19999999949504854        2.00234818    
  0.20099999949252378        2.01236176    
  0.20199999948999903        2.02237535    
  0.20299999948747427        2.03238893    
  0.20399999948494951        2.04240251    
  0.20499999948242476        2.05241609    
  0.20599999947990000        2.06242967    
  0.20699999947737524        2.07244325    
  0.20799999947485048        2.08245683    
  0.20899999947232573        2.09247041    
  0.20999999946980097        2.10248399    
  0.21099999946727621        2.11249757    
  0.21199999946475145        2.12251115    
  0.21299999946222670        2.13252473    
  0.21399999945970194        2.14253831    
  0.21499999945717718        2.15255189    
  0.21599999945465242        2.16256547    
  0.21699999945212767        2.17257905    
  0.21799999944960291        2.18259263    
  0.21899999944707815        2.19260621    
  0.21999999944455340        2.20261979    
  0.22099999944202864        2.21263337    
  0.22199999943950388        2.22264695    
  0.22299999943697912        2.23266053    
  0.22399999943445437        2.24267411    
  0.22499999943192961        2.25268769    
  0.22599999942940485        2.26270127    
  0.22699999942688009        2.27271485    
  0.22799999942435534        2.28272843    
  0.22899999942183058        2.29274201    
  0.22999999941930582        2.30275559    
  0.23099999941678107        2.31276917    
  0.23199999941425631        2.32278275    
  0.23299999941173155        2.33279634    
  0.23399999940920679        2.34280992    
  0.23499999940668204        2.35282350    
  0.23599999940415728        2.36283708    
  0.23699999940163252        2.37285066    
  0.23799999939910776        2.38286424    
  0.23899999939658301        2.39287782    
  0.23999999939405825        2.40289140    
  0.24099999939153349        2.41290498    
  0.24199999938900874        2.42291856    
  0.24299999938648398        2.43293214    
  0.24399999938395922        2.44294572    
  0.24499999938143446        2.45295930    
  0.24599999937890971        2.46297288    
  0.24699999937638495        2.47298646    
  0.24799999937386019        2.48300004    
  0.24899999937133543        2.49301362    
  0.24999999936881068        2.50302720    
  0.25099999936628592        2.51304078    
  0.25199999936376116        2.52305436    
  0.25299999936123641        2.53306794    
  0.25399999935871165        2.54308152    
  0.25499999935618689        2.55309510    
  0.25599999935366213        2.56310868    
  0.25699999935113738        2.57312226    
  0.25799999934861262        2.58313584    
  0.25899999934608786        2.59314942    
  0.25999999934356310        2.60316300    
  0.26099999934103835        2.61317658    
  0.26199999933851359        2.62319016    
  0.26299999933598883        2.63320374    
  0.26399999933346407        2.64321733    
  0.26499999933093932        2.65323091    
  0.26599999932841456        2.66324449    
  0.26699999932588980        2.67325807    
  0.26799999932336505        2.68327165    
  0.26899999932084029        2.69328523    
  0.26999999931831553        2.70329881    
  0.27099999931579077        2.71331239    
  0.27199999931326602        2.72332597    
  0.27299999931074126        2.73333955    
  0.27399999930821650        2.74335313    
  0.27499999930569174        2.75336671    
  0.27599999930316699        2.76338029    
  0.27699999930064223        2.77339387    
  0.27799999929811747        2.78340745    
  0.27899999929559272        2.79342103    
  0.27999999929306796        2.80343461    
  0.28099999929054320        2.81344819    
  0.28199999928801844        2.82346177    
  0.28299999928549369        2.83347535    
  0.28399999928296893        2.84348893    
  0.28499999928044417        2.85350251    
  0.28599999927791941        2.86351609    
  0.28699999927539466        2.87352967    
  0.28799999927286990        2.88354325    
  0.28899999927034514        2.89355683    
  0.28999999926782039        2.90357041    
  0.29099999926529563        2.91358399    
  0.29199999926277087        2.92359757    
  0.29299999926024611        2.93361115    
  0.29399999925772136        2.94362473    
  0.29499999925519660        2.95363832    
  0.29599999925267184        2.96365190    
  0.29699999925014708        2.97366548    
  0.29799999924762233        2.98367906    
  0.29899999924509757        2.99369264    
  0.29999999924257281        3.00370622    
  0.30099999924004806        3.01371980    
  0.30199999923752330        3.02373338    
  0.30299999923499854        3.03374696    
  0.30399999923247378        3.04376054    
  0.30499999922994903        3.05377412    
  0.30599999922742427        3.06378770    
  0.30699999922489951        3.07380128    
  0.30799999922237475        3.08381486    
  0.30899999921985000        3.09382844    
  0.30999999921732524        3.10384202    
  0.31099999921480048        3.11385560    
  0.31199999921227572        3.12386918    
  0.31299999920975097        3.13388276    
  0.31399999920722621        3.14389634    
  0.31499999920470145        3.15390992    
  0.31599999920217670        3.16392350    
  0.31699999919965194        3.17393708    
  0.31799999919712718        3.18395066    
  0.31899999919460242        3.19396424    
  0.31999999919207767        3.20397782    
  0.32099999918955291        3.21399140    
  0.32199999918702815        3.22400498    
  0.32299999918450339        3.23401856    
  0.32399999918197864        3.24403214    
  0.32499999917945388        3.25404572    
  0.32599999917692912        3.26405931    
  0.32699999917440437        3.27407289    
  0.32799999917187961        3.28408647    
  0.32899999916935485        3.29410005    
  0.32999999916683009        3.30411363    
  0.33099999916430534        3.31412721    
  0.33199999916178058        3.32414079    
  0.33299999915925582        3.33415437    
  0.33399999915673106        3.34416795    
  0.33499999915420631        3.35418153    
  0.33599999915168155        3.36419511    
  0.33699999914915679        3.37420869    
  0.33799999914663204        3.38422227    
  0.33899999914410728        3.39423585    
  0.33999999914158252        3.40424943    
  0.34099999913905776        3.41426301    
  0.34199999913653301        3.42427659    
  0.34299999913400825        3.43429017    
  0.34399999913148349        3.44430375    
  0.34499999912895873        3.45431733    
  0.34599999912643398        3.46433091    
  0.34699999912390922        3.47434449    
  0.34799999912138446        3.48435807    
  0.34899999911885971        3.49437165    
  0.34999999911633495        3.50438523    
  0.35099999911381019        3.51439881    
  0.35199999911128543        3.52441239    
  0.35299999910876068        3.53442597    
  0.35399999910623592        3.54443955    
  0.35499999910371116        3.55445313    
  0.35599999910118640        3.56446671    
  0.35699999909866165        3.57448030    
  0.35799999909613689        3.58449388    
  0.35899999909361213        3.59450746    
  0.35999999909108737        3.60452104    
  0.36099999908856262        3.61453462    
  0.36199999908603786        3.62454820    
  0.36299999908351310        3.63456178    
  0.36399999908098835        3.64457536    
  0.36499999907846359        3.65458894    
  0.36599999907593883        3.66460252    
  0.36699999907341407        3.67461610    
  0.36799999907088932        3.68462968    
  0.36899999906836456        3.69464326    
  0.36999999906583980        3.70465684    
  0.37099999906331504        3.71467042    
  0.37199999906079029        3.72468400    
  0.37299999905826553        3.73469758    
  0.37399999905574077        3.74471116    
  0.37499999905321602        3.75472474    
  0.37599999905069126        3.76473832    
  0.37699999904816650        3.77475190    
  0.37799999904564174        3.78476548    
  0.37899999904311699        3.79477906    
  0.37999999904059223        3.80479264    
  0.38099999903806747        3.81480622    
  0.38199999903554271        3.82481980    
  0.38299999903301796        3.83483338    
  0.38399999903049320        3.84484696    
  0.38499999902796844        3.85486054    
  0.38599999902544369        3.86487412    
  0.38699999902291893        3.87488770    
  0.38799999902039417        3.88490129    
  0.38899999901786941        3.89491487    
  0.38999999901534466        3.90492845    
  0.39099999901281990        3.91494203    
  0.39199999901029514        3.92495561    
  0.39299999900777038        3.93496919    
  0.39399999900524563        3.94498277    
  0.39499999900272087        3.95499635    
  0.39599999900019611        3.96500993    
  0.39699999899767136        3.97502351    
  0.39799999899514660        3.98503709    
  0.39899999899262184        3.99505067    
  0.39999999899009708        4.00506401    
  0.40099999898757233        4.01507759    
  0.40199999898504757        4.02509117    
  0.40299999898252281        4.03510475    
  0.40399999897999805        4.04511833    
  0.40499999897747330        4.05513191    
  0.40599999897494854        4.06514549    
  0.40699999897242378        4.07515907    
  0.40799999896989902        4.08517265    
  0.40899999896737427        4.09518623    
  0.40999999896484951        4.10519981    
  0.41099999896232475        4.11521339    
  0.41199999895980000        4.12522697    
  0.41299999895727524        4.13524055    
  0.41399999895475048        4.14525414    
  0.41499999895222572        4.15526772    
  0.41599999894970097        4.16528130    
  0.41699999894717621        4.17529488    
  0.41799999894465145        4.18530846    
  0.41899999894212669        4.19532204    
  0.41999999893960194        4.20533562    
  0.42099999893707718        4.21534920    
  0.42199999893455242        4.22536278    
  0.42299999893202767        4.23537636    
  0.42399999892950291        4.24538994    
  0.42499999892697815        4.25540352    
  0.42599999892445339        4.26541710    
  0.42699999892192864        4.27543068    
  0.42799999891940388        4.28544426    
  0.42899999891687912        4.29545784    
  0.42999999891435436        4.30547142    
  0.43099999891182961        4.31548500    
  0.43199999890930485        4.32549858    
  0.43299999890678009        4.33551216    
  0.43399999890425534        4.34552574    
  0.43499999890173058        4.35553932    
  0.43599999889920582        4.36555290    
  0.43699999889668106        4.37556648    
  0.43799999889415631        4.38558006    
  0.43899999889163155        4.39559364    
  0.43999999888910679        4.40560722    
  0.44099999888658203        4.41562080    
  0.44199999888405728        4.42563438    
  0.44299999888153252        4.43564796    
  0.44399999887900776        4.44566154    
  0.44499999887648301        4.45567513    
  0.44599999887395825        4.46568871    
  0.44699999887143349        4.47570229    
  0.44799999886890873        4.48571587    
  0.44899999886638398        4.49572945    
  0.44999999886385922        4.50574303    
  0.45099999886133446        4.51575661    
  0.45199999885880970        4.52577019    
  0.45299999885628495        4.53578377    
  0.45399999885376019        4.54579735    
  0.45499999885123543        4.55581093    
  0.45599999884871067        4.56582451    
  0.45699999884618592        4.57583809    
  0.45799999884366116        4.58585167    
  0.45899999884113640        4.59586525    
  0.45999999883861165        4.60587883    
  0.46099999883608689        4.61589241    
  0.46199999883356213        4.62590599    
  0.46299999883103737        4.63591957    
  0.46399999882851262        4.64593315    
  0.46499999882598786        4.65594673    
  0.46599999882346310        4.66596031    
  0.46699999882093834        4.67597389    
  0.46799999881841359        4.68598747    
  0.46899999881588883        4.69600105    
  0.46999999881336407        4.70601463    
  0.47099999881083932        4.71602821    
  0.47199999880831456        4.72604179    
  0.47299999880578980        4.73605537    
  0.47399999880326504        4.74606895    
  0.47499999880074029        4.75608253    
  0.47599999879821553        4.76609612    
  0.47699999879569077        4.77610970    
  0.47799999879316601        4.78612328    
  0.47899999879064126        4.79613686    
  0.47999999878811650        4.80615044    
  0.48099999878559174        4.81616402    
  0.48199999878306699        4.82617760    
  0.48299999878054223        4.83619118    
  0.48399999877801747        4.84620476    
  0.48499999877549271        4.85621834    
  0.48599999877296796        4.86623192    
  0.48699999877044320        4.87624550    
  0.48799999876791844        4.88625908    
  0.48899999876539368        4.89627266    
  0.48999999876286893        4.90628624    
  0.49099999876034417        4.91629982    
  0.49199999875781941        4.92631340    
  0.49299999875529465        4.93632698    
  0.49399999875276990        4.94634056    
  0.49499999875024514        4.95635414    
  0.49599999874772038        4.96636772    
  0.49699999874519563        4.97638130    
  0.49799999874267087        4.98639488    
  0.49899999874014611        4.99640846    
  0.49999999873762135        5.00642204    
  0.50099999873509660        5.01643562    
  0.50199999873257184        5.02644920    
  0.50299999873004708        5.03646278    
  0.50399999872752232        5.04647636    
  0.50499999872499757        5.05648994    
  0.50599999872247281        5.06650352    
  0.50699999871994805        5.07651711    
  0.50799999871742330        5.08653069    
  0.50899999871489854        5.09654427    
  0.50999999871237378        5.10655785    
  0.51099999870984902        5.11657143    
  0.51199999870732427        5.12658501    
  0.51299999870479951        5.13659859    
  0.51399999870227475        5.14661217    
  0.51499999869974999        5.15662575    
  0.51599999869722524        5.16663933    
  0.51699999869470048        5.17665291    
  0.51799999869217572        5.18666649    
  0.51899999868965097        5.19668007    
  0.51999999868712621        5.20669365    
  0.52099999868460145        5.21670723    
  0.52199999868207669        5.22672081    
  0.52299999867955194        5.23673439    
  0.52399999867702718        5.24674797    
  0.52499999867450242        5.25676155    
  0.52599999867197766        5.26677513    
  0.52699999866945291        5.27678871    
  0.52799999866692815        5.28680229    
  0.52899999866440339        5.29681587    
  0.52999999866187864        5.30682945    
  0.53099999865935388        5.31684303    
  0.53199999865682912        5.32685661    
  0.53299999865430436        5.33687019    
  0.53399999865177961        5.34688377    
  0.53499999864925485        5.35689735    
  0.53599999864673009        5.36691093    
  0.53699999864420533        5.37692451    
  0.53799999864168058        5.38693810    
  0.53899999863915582        5.39695168    
  0.53999999863663106        5.40696526    
  0.54099999863410630        5.41697884    
  0.54199999863158155        5.42699242    
  0.54299999862905679        5.43700600    
  0.54399999862653203        5.44701958    
  0.54499999862400728        5.45703316    
  0.54599999862148252        5.46704674    
  0.54699999861895776        5.47706032    
  0.54799999861643300        5.48707390    
  0.54899999861390825        5.49708748    
  0.54999999861138349        5.50710106    
  0.55099999860885873        5.51711464    
  0.55199999860633397        5.52712822    
  0.55299999860380922        5.53714180    
  0.55399999860128446        5.54715538    
  0.55499999859875970        5.55716896    
  0.55599999859623495        5.56718254    
  0.55699999859371019        5.57719612    
  0.55799999859118543        5.58720970    
  0.55899999858866067        5.59722328    
  0.55999999858613592        5.60723686    
  0.56099999858361116        5.61725044    
  0.56199999858108640        5.62726402    
  0.56299999857856164        5.63727760    
  0.56399999857603689        5.64729118    
  0.56499999857351213        5.65730476    
  0.56599999857098737        5.66731834    
  0.56699999856846262        5.67733192    
  0.56799999856593786        5.68734550    
  0.56899999856341310        5.69735909    
  0.56999999856088834        5.70737267    
  0.57099999855836359        5.71738625    
  0.57199999855583883        5.72739983    
  0.57299999855331407        5.73741341    
  0.57399999855078931        5.74742699    
  0.57499999854826456        5.75744057    
  0.57599999854573980        5.76745415    
  0.57699999854321504        5.77746773    
  0.57799999854069029        5.78748131    
  0.57899999853816553        5.79749489    
  0.57999999853564077        5.80750847    
  0.58099999853311601        5.81752205    
  0.58199999853059126        5.82753563    
  0.58299999852806650        5.83754921    
  0.58399999852554174        5.84756279    
  0.58499999852301698        5.85757637    
  0.58599999852049223        5.86758995    
  0.58699999851796747        5.87760353    
  0.58799999851544271        5.88761711    
  0.58899999851291795        5.89763069    
  0.58999999851039320        5.90764427    
  0.59099999850786844        5.91765785    
  0.59199999850534368        5.92767143    
  0.59299999850281893        5.93768501    
  0.59399999850029417        5.94769859    
  0.59499999849776941        5.95771217    
  0.59599999849524465        5.96772575    
  0.59699999849271990        5.97773933    
  0.59799999849019514        5.98775291    
  0.59899999848767038        5.99776649    
  0.59999999848514562        6.00778008    
  0.60099999848262087        6.01779366    
  0.60199999848009611        6.02780724    
  0.60299999847757135        6.03782082    
  0.60399999847504660        6.04783440    
  0.60499999847252184        6.05784798    
  0.60599999846999708        6.06786156    
  0.60699999846747232        6.07787514    
  0.60799999846494757        6.08788872    
  0.60899999846242281        6.09790230    
  0.60999999845989805        6.10791588    
  0.61099999845737329        6.11792946    
  0.61199999845484854        6.12794304    
  0.61299999845232378        6.13795662    
  0.61399999844979902        6.14797020    
  0.61499999844727427        6.15798378    
  0.61599999844474951        6.16799736    
  0.61699999844222475        6.17801094    
  0.61799999843969999        6.18802452    
  0.61899999843717524        6.19803810    
  0.61999999843465048        6.20805168    
  0.62099999843212572        6.21806526    
  0.62199999842960096        6.22807884    
  0.62299999842707621        6.23809242    
  0.62399999842455145        6.24810600    
  0.62499999842202669        6.25811958    
  0.62599999841950194        6.26813316    
  0.62699999841697718        6.27814674    
  0.62799999841445242        6.28816032    
  0.62899999841192766        6.29817390    
  0.62999999840940291        6.30818748    
  0.63099999840687815        6.31820107    
  0.63199999840435339        6.32821465    
  0.63299999840182863        6.33822823    
  0.63399999839930388        6.34824181    
  0.63499999839677912        6.35825539    
  0.63599999839425436        6.36826897    
  0.63699999839172960        6.37828255    
  0.63799999838920485        6.38829613    
  0.63899999838668009        6.39830971    
  0.63999999838415533        6.40832329    
  0.64099999838163058        6.41833687    
  0.64199999837910582        6.42835045    
  0.64299999837658106        6.43836403    
  0.64399999837405630        6.44837761    
  0.64499999837153155        6.45839119    
  0.64599999836900679        6.46840477    
  0.64699999836648203        6.47841835    
  0.64799999836395727        6.48843193    
  0.64899999836143252        6.49844551    
  0.64999999835890776        6.50845909    
  0.65099999835638300        6.51847267    
  0.65199999835385825        6.52848625    
  0.65299999835133349        6.53849983    
  0.65399999834880873        6.54851341    
  0.65499999834628397        6.55852699    
  0.65599999834375922        6.56854057    
  0.65699999834123446        6.57855415    
  0.65799999833870970        6.58856773    
  0.65899999833618494        6.59858131    
  0.65999999833366019        6.60859489    
  0.66099999833113543        6.61860847    
  0.66199999832861067        6.62862206    
  0.66299999832608592        6.63863564    
  0.66399999832356116        6.64864922    
  0.66499999832103640        6.65866280    
  0.66599999831851164        6.66867638    
  0.66699999831598689        6.67868996    
  0.66799999831346213        6.68870354    
  0.66899999831093737        6.69871712    
  0.66999999830841261        6.70873070    
  0.67099999830588786        6.71874428    
  0.67199999830336310        6.72875786    
  0.67299999830083834        6.73877144    
  0.67399999829831359        6.74878502    
  0.67499999829578883        6.75879860    
  0.67599999829326407        6.76881218    
  0.67699999829073931        6.77882576    
  0.67799999828821456        6.78883934    
  0.67899999828568980        6.79885292    
  0.67999999828316504        6.80886650    
  0.68099999828064028        6.81888008    
  0.68199999827811553        6.82889366    
  0.68299999827559077        6.83890724    
  0.68399999827306601        6.84892082    
  0.68499999827054125        6.85893440    
  0.68599999826801650        6.86894798    
  0.68699999826549174        6.87896156    
  0.68799999826296698        6.88897514    
  0.68899999826044223        6.89898872    
  0.68999999825791747        6.90900230    
  0.69099999825539271        6.91901588    
  0.69199999825286795        6.92902946    
  0.69299999825034320        6.93904305    
  0.69399999824781844        6.94905663    
  0.69499999824529368        6.95907021    
  0.69599999824276892        6.96908379    
  0.69699999824024417        6.97909737    
  0.69799999823771941        6.98911095    
  0.69899999823519465        6.99912453    
  0.69999999823266990        7.00913811    
  0.70099999823014514        7.01915169    
  0.70199999822762038        7.02916527    
  0.70299999822509562        7.03917885    
  0.70399999822257087        7.04919243    
  0.70499999822004611        7.05920601    
  0.70599999821752135        7.06921959    
  0.70699999821499659        7.07923317    
  0.70799999821247184        7.08924675    
  0.70899999820994708        7.09926033    
  0.70999999820742232        7.10927391    
  0.71099999820489757        7.11928749    
  0.71199999820237281        7.12930107    
  0.71299999819984805        7.13931465    
  0.71399999819732329        7.14932823    
  0.71499999819479854        7.15934181    
  0.71599999819227378        7.16935539    
  0.71699999818974902        7.17936897    
  0.71799999818722426        7.18938255    
  0.71899999818469951        7.19939613    
  0.71999999818217475        7.20940971    
  0.72099999817964999        7.21942329    
  0.72199999817712524        7.22943687    
  0.72299999817460048        7.23945045    
  0.72399999817207572        7.24946404    
  0.72499999816955096        7.25947762    
  0.72599999816702621        7.26949120    
  0.72699999816450145        7.27950478    
  0.72799999816197669        7.28951836    
  0.72899999815945193        7.29953194    
  0.72999999815692718        7.30954552    
  0.73099999815440242        7.31955910    
  0.73199999815187766        7.32957268    
  0.73299999814935290        7.33958626    
  0.73399999814682815        7.34959984    
  0.73499999814430339        7.35961342    
  0.73599999814177863        7.36962700    
  0.73699999813925388        7.37964058    
  0.73799999813672912        7.38965416    
  0.73899999813420436        7.39966774    
  0.73999999813167960        7.40968132    
  0.74099999812915485        7.41969490    
  0.74199999812663009        7.42970848    
  0.74299999812410533        7.43972206    
  0.74399999812158057        7.44973564    
  0.74499999811905582        7.45974922    
  0.74599999811653106        7.46976280    
  0.74699999811400630        7.47977638    
  0.74799999811148155        7.48978996    
  0.74899999810895679        7.49980354    
  0.74999999810643203        7.50981712    
  0.75099999810390727        7.51983070    
  0.75199999810138252        7.52984428    
  0.75299999809885776        7.53985786    
  0.75399999809633300        7.54987144    
  0.75499999809380824        7.55988503    
  0.75599999809128349        7.56989861    
  0.75699999808875873        7.57991219    
  0.75799999808623397        7.58992577    
  0.75899999808370922        7.59993935    
  0.75999999808118446        7.60995293    
  0.76099999807865970        7.61996651    
  0.76199999807613494        7.62998009    
  0.76299999807361019        7.63999367    
  0.76399999807108543        7.65000725    
  0.76499999806856067        7.66002083    
  0.76599999806603591        7.67003441    
  0.76699999806351116        7.68004799    
  0.76799999806098640        7.69006157    
  0.76899999805846164        7.70007515    
  0.76999999805593689        7.71008873    
  0.77099999805341213        7.72010231    
  0.77199999805088737        7.73011589    
  0.77299999804836261        7.74012947    
  0.77399999804583786        7.75014305    
  0.77499999804331310        7.76015663    
  0.77599999804078834        7.77017021    
  0.77699999803826358        7.78018379    
  0.77799999803573883        7.79019737    
  0.77899999803321407        7.80021095    
  0.77999999803068931        7.81022453    
  0.78099999802816455        7.82023811    
  0.78199999802563980        7.83025169    
  0.78299999802311504        7.84026527    
  0.78399999802059028        7.85027885    
  0.78499999801806553        7.86029243    
  0.78599999801554077        7.87030602    
  0.78699999801301601        7.88031960    
  0.78799999801049125        7.89033318    
  0.78899999800796650        7.90034676    
  0.78999999800544174        7.91036034    
  0.79099999800291698        7.92037392    
  0.79199999800039222        7.93038750    
  0.79299999799786747        7.94040108    
  0.79399999799534271        7.95041466    
  0.79499999799281795        7.96042824    
  0.79599999799029320        7.97044182    
  0.79699999798776844        7.98045540    
  0.79799999798524368        7.99046898    
  0.79899999798271892        8.00045967    
  0.79999999798019417        8.00999641    
  0.80099999797766941        8.01953316    
  0.80199999797514465        8.02906990    
  0.80299999797261989        8.03860664    
  0.80399999797009514        8.04814339    
  0.80499999796757038        8.05768013    
  0.80599999796504562        8.06721687    
  0.80699999796252087        8.07675362    
  0.80799999795999611        8.08629036    
  0.80899999795747135        8.09582710    
  0.80999999795494659        8.10536385    
  0.81099999795242184        8.11490059    
  0.81199999794989708        8.12443733    
  0.81299999794737232        8.13397408    
  0.81399999794484756        8.14351082    
  0.81499999794232281        8.15304756    
  0.81599999793979805        8.16258430    
  0.81699999793727329        8.17212105    
  0.81799999793474854        8.18165779    
  0.81899999793222378        8.19119453    
  0.81999999792969902        8.20073128    
  0.82099999792717426        8.21026802    
  0.82199999792464951        8.21980476    
  0.82299999792212475        8.22934151    
  0.82399999791959999        8.23887825    
  0.82499999791707523        8.24841499    
  0.82599999791455048        8.25795174    
  0.82699999791202572        8.26748848    
  0.82799999790950096        8.27702522    
  0.82899999790697620        8.28656197    
  0.82999999790445145        8.29609871    
  0.83099999790192669        8.30563545    
  0.83199999789940193        8.31517220    
  0.83299999789687718        8.32470894    
  0.83399999789435242        8.33424568    
  0.83499999789182766        8.34378242    
  0.83599999788930290        8.35331917    
  0.83699999788677815        8.36285591    
  0.83799999788425339        8.37239265    
  0.83899999788172863        8.38192940    
  0.83999999787920387        8.39146614    
  0.84099999787667912        8.40100288    
  0.84199999787415436        8.41053963    
  0.84299999787162960        8.42007637    
  0.84399999786910485        8.42961311    
  0.84499999786658009        8.43914986    
  0.84599999786405533        8.44868660    
  0.84699999786153057        8.45822334    
  0.84799999785900582        8.46776009    
  0.84899999785648106        8.47729683    
  0.84999999785395630        8.48683357    
  0.85099999785143154        8.49637032    
  0.85199999784890679        8.50590706    
  0.85299999784638203        8.51544380    
  0.85399999784385727        8.52498055    
  0.85499999784133252        8.53451729    
  0.85599999783880776        8.54405403    
  0.85699999783628300        8.55359077    
  0.85799999783375824        8.56312752    
  0.85899999783123349        8.57266426    
  0.85999999782870873        8.58220100    
  0.86099999782618397        8.59173775    
  0.86199999782365921        8.60127449    
  0.86299999782113446        8.61081123    
  0.86399999781860970        8.62034798    
  0.86499999781608494        8.62988472    
  0.86599999781356019        8.63942146    
  0.86699999781103543        8.64895821    
  0.86799999780851067        8.65849495    
  0.86899999780598591        8.66803169    
  0.86999999780346116        8.67756844    
  0.87099999780093640        8.68710518    
  0.87199999779841164        8.69664192    
  0.87299999779588688        8.70617867    
  0.87399999779336213        8.71571541    
  0.87499999779083737        8.72525215    
  0.87599999778831261        8.73478889    
  0.87699999778578785        8.74432564    
  0.87799999778326310        8.75386238    
  0.87899999778073834        8.76339912    
  0.87999999777821358        8.77293587    
  0.88099999777568883        8.78247261    
  0.88199999777316407        8.79200935    
  0.88299999777063931        8.80154610    
  0.88399999776811455        8.81108284    
  0.88499999776558980        8.82061958    
  0.88599999776306504        8.83015633    
  0.88699999776054028        8.83969307    
  0.88799999775801552        8.84922981    
  0.88899999775549077        8.85876656    
  0.88999999775296601        8.86830330    
  0.89099999775044125        8.87784004    
  0.89199999774791650        8.88737679    
  0.89299999774539174        8.89691353    
  0.89399999774286698        8.90645027    
  0.89499999774034222        8.91598701    
  0.89599999773781747        8.92552376    
  0.89699999773529271        8.93506050    
  0.89799999773276795        8.94459724    
  0.89899999773024319        8.95413399    
  0.89999999772771844        8.96367073    
  0.90099999772519368        8.97320747    
  0.90199999772266892        8.98274422    
  0.90299999772014417        8.99228096    
  0.90399999771761941        9.00181770    
  0.90499999771509465        9.01135445    
  0.90599999771256989        9.02089119    
  0.90699999771004514        9.03042793    
  0.90799999770752038        9.03996468    
  0.90899999770499562        9.04950142    
  0.90999999770247086        9.05903816    
  0.91099999769994611        9.06857491    
  0.91199999769742135        9.07811165    
  0.91299999769489659        9.08764839    
  0.91399999769237184        9.09718513    
  0.91499999768984708        9.10672188    
  0.91599999768732232        9.11625862    
  0.91699999768479756        9.12579536    
  0.91799999768227281        9.13533211    
  0.91899999767974805        9.14486885    
  0.91999999767722329        9.15440559    
  0.92099999767469853        9.16394234    
  0.92199999767217378        9.17347908    
  0.92299999766964902        9.18301582    
  0.92399999766712426        9.19255257    
  0.92499999766459950        9.20208931    
  0.92599999766207475        9.21162605    
  0.92699999765954999        9.22116280    
  0.92799999765702523        9.23069954    
  0.92899999765450048        9.24023628    
  0.92999999765197572        9.24977303    
  0.93099999764945096        9.25930977    
  0.93199999764692620        9.26884651    
  0.93299999764440145        9.27838326    
  0.93399999764187669        9.28792000    
  0.93499999763935193        9.29745674    
  0.93599999763682717        9.30699348    
  0.93699999763430242        9.31653023    
  0.93799999763177766        9.32606697    
  0.93899999762925290        9.33560371    
  0.93999999762672815        9.34514046    
  0.94099999762420339        9.35467720    
  0.94199999762167863        9.36421394    
  0.94299999761915387        9.37375069    
  0.94399999761662912        9.38328743    
  0.94499999761410436        9.39282417    
  0.94599999761157960        9.40236092    
  0.94699999760905484        9.41189766    
  0.94799999760653009        9.42143440    
  0.94899999760400533        9.43097115    
  0.94999999760148057        9.44050789    
  0.95099999759895582        9.45004463    
  0.95199999759643106        9.45958138    
  0.95299999759390630        9.46911812    
  0.95399999759138154        9.47865486    
  0.95499999758885679        9.48819160    
  0.95599999758633203        9.49772835    
  0.95699999758380727        9.50726509    
  0.95799999758128251        9.51680183    
  0.95899999757875776        9.52633858    
  0.95999999757623300        9.53587532    
  0.96099999757370824        9.54541206    
  0.96199999757118348        9.55494881    
  0.96299999756865873        9.56448555    
  0.96399999756613397        9.57402229    
  0.96499999756360921        9.58355904    
  0.96599999756108446        9.59309578    
  0.96699999755855970        9.60263252    
  0.96799999755603494        9.61216927    
  0.96899999755351018        9.62170601    
  0.96999999755098543        9.63124275    
  0.97099999754846067        9.64077950    
  0.97199999754593591        9.65031624    
  0.97299999754341115        9.65985298    
  0.97399999754088640        9.66938972    
  0.97499999753836164        9.67892647    
  0.97599999753583688        9.68846321    
  0.97699999753331213        9.69799995    
  0.97799999753078737        9.70753670    
  0.97899999752826261        9.71707344    
  0.97999999752573785        9.72661018    
  0.98099999752321310        9.73614693    
  0.98199999752068834        9.74568367    
  0.98299999751816358        9.75522041    
  0.98399999751563882        9.76475716    
  0.98499999751311407        9.77429390    
  0.98599999751058931        9.78383064    
  0.98699999750806455        9.79336739    
  0.98799999750553980        9.80290413    
  0.98899999750301504        9.81244087    
  0.98999999750049028        9.82197762    
  0.99099999749796552        9.83151436    
  0.99199999749544077        9.84105110    
  0.99299999749291601        9.85058784    
  0.99399999749039125        9.86012459    
  0.99499999748786649        9.86966133    
  0.99599999748534174        9.87919807    
  0.99699999748281698        9.88873482    
  0.99799999748029222        9.89827156    
  0.99899999747776747        9.90780830    
  0.99999999747524271        9.91734505    
