  0.000   0.000000   0.000000000  0.000000000  0.000000000  0.000000000  0.000000000  0.000000000
  0.001   0.000100   0.000000000  0.000000000  0.000000000  0.000000000  0.000000000  0.000000000
  0.002   0.000200   0.000000000  0.000000000  0.000000000  0.000000000  0.000000000  0.000000000
  0.003   0.000300   0.000000000  0.000000000  0.000000000  0.000000000  0.000000000  0.000000000
  0.004   0.000400   0.000000000  0.000000000  0.000000000  0.000000000  0.000000000  0.000000000
  0.005   0.000500   0.000000000  0.000000000  0.000000000  0.000000000  0.000000000  0.000000000
  0.006   0.000600   0.000000000  0.000000000  0.000000000  0.000000000  0.000000000  0.000000000
  0.007   0.000700   0.000000000  0.000000000  0.000000000  0.000000000  0.000000000  0.000000000
  0.008   0.000800   0.000000000  0.000000000  0.000000000  0.000000000  0.000000000  0.000000000
  0.009   0.000900   0.000000000  0.000000000  0.000000000  0.000000000  0.000000000  0.000000000
  0.010   0.001000   0.000000000  0.000000000  0.000000000  0.000000000  0.000000000  0.000000000
  0.011   0.001100   0.000000000  0.000000000  0.000000000  0.000000000  0.000000000  0.000000000
  0.012   0.001200   0.000000000  0.000000000  0.000000000  0.000000000  0.000000000  0.000000000
  0.013   0.001300   0.000000000  0.000000000  0.000000000  0.000000000  0.000000000  0.000000000
  0.014   0.001400   0.000000000  0.000000000  0.000000000  0.000000000  0.000000000  0.000000000
  0.015   0.001500   0.000000000  0.000000000  0.000000000  0.000000000  0.000000000  0.000000000
  0.016   0.001600   0.000000000  0.000000000  0.000000000  0.000000000  0.000000000  0.000000000
  0.017   0.001700   0.000000000  0.000000000  0.000000000  0.000000000  0.000000000  0.000000000
  0.018   0.001800   0.000000000  0.000000000  0.000000000  0.000000000  0.000000000  0.000000000
  0.019   0.001900   0.000000000  0.000000000  0.000000000  0.000000000  0.000000000  0.000000000
  0.020   0.002000   0.000000000  0.000000000  0.000000000  0.000000000  0.000000000  0.000000000
  0.021   0.002100   0.000000000  0.000000000  0.000000000  0.000000000  0.000000000  0.000000000
  0.022   0.002200   0.000000000  0.000000000  0.000000000  0.000000000  0.000000000  0.000000000
  0.023   0.002300   0.000000000  0.000000000  0.000000000  0.000000000  0.000000000  0.000000000
  0.024   0.002400   0.000000000  0.000000000  0.000000000  0.000000000  0.000000000  0.000000000
  0.025   0.002500   0.000000000  0.000000000  0.000000000  0.000000000  0.000000000  0.000000000
  0.026   0.002600   0.000000000  0.000000000  0.000000000  0.000000000  0.000000000  0.000000000
  0.027   0.002700   0.000000000  0.000000000  0.000000000  0.000000000  0.000000000  0.000000000
  0.028   0.002800   0.000000000  0.000000000  0.000000000  0.000000000  0.000000000  0.000000000
  0.029   0.002900   0.000000000  0.000000000  0.000000000  0.000000000  0.000000000  0.000000000
  0.030   0.003000   0.000000000  0.000000000  0.000000000  0.000000000  0.000000000  0.000000000
  0.031   0.003100   0.000000000  0.000000000  0.000000000  0.000000000  0.000000000  0.000000000
  0.032   0.003200   0.000000000  0.000000000  0.000000000  0.000000000  0.000000000  0.000000000
  0.033   0.003300   0.000000000  0.000000000  0.000000000  0.000000000  0.000000000  0.000000000
  0.034   0.003400   0.000000000  0.000000000  0.000000000  0.000000000  0.000000000  0.000000000
  0.035   0.003500   0.000000000  0.000000000  0.000000000  0.000000000  0.000000000  0.000000000
  0.036   0.003600   0.000000000  0.000000000  0.000000000  0.000000000  0.000000000  0.000000000
  0.037   0.003700   0.000000000  0.000000000  0.000000000  0.000000000  0.000000000  0.000000000
  0.038   0.003800   0.000000000  0.000000000  0.000000000  0.000000000  0.000000000  0.000000000
  0.039   0.003900   0.000000000  0.000000000  0.000000000  0.000000000  0.000000000  0.000000000
  0.040   0.004000   0.000000000  0.000000000  0.000000000  0.000000000  0.000000000  0.000000000
  0.041   0.004100   0.000000000  0.000000000  0.000000000  0.000000000  0.000000000  0.000000000
  0.042   0.004200   0.000000000  0.000000000  0.000000000  0.000000000  0.000000000  0.000000000
  0.043   0.004300   0.000000000  0.000000000  0.000000000  0.000000000  0.000000000  0.000000000
  0.044   0.004400   0.000000000  0.000000000  0.000000000  0.000000000  0.000000000  0.000000000
  0.045   0.004500   0.000000000  0.000000000  0.000000000  0.000000000  0.000000000  0.000000000
  0.046   0.004600   0.000000000  0.000000000  0.000000000  0.000000000  0.000000000  0.000000000
  0.047   0.004700   0.000000000  0.000000000  0.000000000  0.000000000  0.000000000  0.000000000
  0.048   0.004800   0.000000000  0.000000000  0.000000000  0.000000000  0.000000000  0.000000000
  0.049   0.004900   0.000000000  0.000000000  0.000000000  0.000000000  0.000000000  0.000000000
  0.050   0.005000   0.000000000  0.000000000  0.000000000  0.000000000  0.000000000  0.000000000
  0.051   0.005100   0.000000000  0.000000000  0.000000000  0.000000000  0.000000000  0.000000000
  0.052   0.005200   0.000000000  0.000000000  0.000000000  0.000000000  0.000000000  0.000000000
  0.053   0.005300   0.000000000  0.000000000  0.000000000  0.000000000  0.000000000  0.000000000
  0.054   0.005400   0.000000000  0.000000000  0.000000000  0.000000000  0.000000000  0.000000000
  0.055   0.005500   0.000000000  0.000000000  0.000000000  0.000000000  0.000000000  0.000000000
  0.056   0.005600   0.000000000  0.000000000  0.000000000  0.000000000  0.000000000  0.000000000
  0.057   0.005700   0.000000000  0.000000000  0.000000000  0.000000000  0.000000000  0.000000000
  0.058   0.005800   0.000000000  0.000000000  0.000000000  0.000000000  0.000000000  0.000000000
  0.059   0.005900   0.000000000  0.000000000  0.000000000  0.000000000  0.000000000  0.000000000
  0.060   0.006000   0.000000000  0.000000000  0.000000000  0.000000000  0.000000000  0.000000000
  0.061   0.006100   0.000000000  0.000000000  0.000000000  0.000000000  0.000000000  0.000000000
  0.062   0.006200   0.000000000  0.000000000  0.000000000  0.000000000  0.000000000  0.000000000
  0.063   0.006300   0.000000000  0.000000000  0.000000000  0.000000000  0.000000000  0.000000000
  0.064   0.006400   0.000000000  0.000000000  0.000000000  0.000000000  0.000000000  0.000000000
  0.065   0.006500   0.000000000  0.000000000  0.000000000  0.000000000  0.000000000  0.000000000
  0.066   0.006600   0.000000000  0.000000000  0.000000000  0.000000000  0.000000000  0.000000000
  0.067   0.006700   0.000000000  0.000000000  0.000000000  0.000000000  0.000000000  0.000000000
  0.068   0.006800   0.000000000  0.000000000  0.000000000  0.000000000  0.000000000  0.000000000
  0.069   0.006900   0.000000000  0.000000000  0.000000000  0.000000000  0.000000000  0.000000000
  0.070   0.007000   0.000000000  0.000000000  0.000000000  0.000000000  0.000000000  0.000000000
  0.071   0.007100   0.000000000  0.000000000  0.000000000  0.000000000  0.000000000  0.000000000
  0.072   0.007200   0.000000000  0.000000000  0.000000000  0.000000000  0.000000000  0.000000000
  0.073   0.007300   0.000000000  0.000000000  0.000000000  0.000000000  0.000000000  0.000000000
  0.074   0.007400   0.000000000  0.000000000  0.000000000  0.000000000  0.000000000  0.000000000
  0.075   0.007500   0.000000000  0.000000000  0.000000000  0.000000000  0.000000000  0.000000000
  0.076   0.007600   0.000000000  0.000000000  0.000000000  0.000000000  0.000000000  0.000000000
  0.077   0.007700   0.000000000  0.000000000  0.000000000  0.000000000  0.000000000  0.000000000
  0.078   0.007800   0.000000000  0.000000000  0.000000000  0.000000000  0.000000000  0.000000000
  0.079   0.007900   0.000000000  0.000000000  0.000000000  0.000000000  0.000000000  0.000000000
  0.080   0.008000   0.000000000  0.000000000  0.000000000  0.000000000  0.000000000  0.000000000
  0.081   0.008100   0.000000000  0.000000000  0.000000000  0.000000000  0.000000000  0.000000000
  0.082   0.008200   0.000000000  0.000000000  0.000000000  0.000000000  0.000000000  0.000000000
  0.083   0.008300   0.000000000  0.000000000  0.000000000  0.000000000  0.000000000  0.000000000
  0.084   0.008400   0.000000000  0.000000000  0.000000000  0.000000000  0.000000000  0.000000000
  0.085   0.008500   0.000000000  0.000000000  0.000000000  0.000000000  0.000000000  0.000000000
  0.086   0.008600   0.000000000  0.000000000  0.000000000  0.000000000  0.000000000  0.000000000
  0.087   0.008700   0.000000000  0.000000000  0.000000000  0.000000000  0.000000000  0.000000000
  0.088   0.008800   0.000000000  0.000000000  0.000000000  0.000000000  0.000000000  0.000000000
  0.089   0.008900   0.000000000  0.000000000  0.000000000  0.000000000  0.000000000  0.000000000
  0.090   0.009000   0.000000000  0.000000000  0.000000000  0.000000000  0.000000000  0.000000000
  0.091   0.009100   0.000000000  0.000000000  0.000000000  0.000000000  0.000000000  0.000000000
  0.092   0.009200   0.000000000  0.000000000  0.000000000  0.000000000  0.000000000  0.000000000
  0.093   0.009300   0.000000000  0.000000000  0.000000000  0.000000000  0.000000000  0.000000000
  0.094   0.009400   0.000000000  0.000000000  0.000000000  0.000000000  0.000000000  0.000000000
  0.095   0.009500   0.000000000  0.000000000  0.000000000  0.000000000  0.000000000  0.000000000
  0.096   0.009600   0.000000000  0.000000000  0.000000000  0.000000000  0.000000000  0.000000000
  0.097   0.009700   0.000000000  0.000000000  0.000000000  0.000000000  0.000000000  0.000000000
  0.098   0.009800   0.000000000  0.000000000  0.000000000  0.000000000  0.000000000  0.000000000
  0.099   0.009900   0.000000000  0.000000000  0.000000000  0.000000000  0.000000000  0.000000000
  0.100   0.010000   0.000000000  0.000000000  0.000000000  0.000000000  0.000000000  0.000000000
  0.101   0.010100   0.000000000  0.000000000  0.000000000  0.000000000  0.000000000  0.000000000
  0.102   0.010200   0.000000000  0.000000000  0.000000000  0.000000000  0.000000000  0.000000000
  0.103   0.010300   0.000000000  0.000000000  0.000000000  0.000000000  0.000000000  0.000000000
  0.104   0.010400   0.000000000  0.000000000  0.000000000  0.000000000  0.000000000  0.000000000
  0.105   0.010500   0.000000000  0.000000000  0.000000000  0.000000000  0.000000000  0.000000000
  0.106   0.010600   0.000000000  0.000000000  0.000000000  0.000000000  0.000000000  0.000000000
  0.107   0.010700   0.000000000  0.000000000  0.000000000  0.000000000  0.000000000  0.000000000
  0.108   0.010800   0.000000000  0.000000000  0.000000000  0.000000000  0.000000000  0.000000000
  0.109   0.010900   0.000000000  0.000000000  0.000000000  0.000000000  0.000000000  0.000000000
  0.110   0.011000   0.000000000  0.000000000  0.000000000  0.000000000  0.000000000  0.000000000
  0.111   0.011100   0.000000000  0.000000000  0.000000000  0.000000000  0.000000000  0.000000000
  0.112   0.011200   0.000000000  0.000000000  0.000000000  0.000000000  0.000000000  0.000000000
  0.113   0.011300   0.000000000  0.000000000  0.000000000  0.000000000  0.000000000  0.000000000
  0.114   0.011400   0.000000000  0.000000000  0.000000000  0.000000000  0.000000000  0.000000000
  0.115   0.011500   0.000000000  0.000000000  0.000000000  0.000000000  0.000000000  0.000000000
  0.116   0.011600   0.000000000  0.000000000  0.000000000  0.000000000  0.000000000  0.000000000
  0.117   0.011700   0.000000000  0.000000000  0.000000000  0.000000000  0.000000000  0.000000000
  0.118   0.011800   0.000000000  0.000000000  0.000000000  0.000000000  0.000000000  0.000000000
  0.119   0.011900   0.000000000  0.000000000  0.000000000  0.000000000  0.000000000  0.000000000
  0.120   0.012000   0.000000000  0.000000000  0.000000000  0.000000000  0.000000000  0.000000000
  0.121   0.012100   0.000000000  0.000000000  0.000000000  0.000000000  0.000000000  0.000000000
  0.122   0.012200   0.000000000  0.000000000  0.000000000  0.000000000  0.000000000  0.000000000
  0.123   0.012300   0.000000000  0.000000000  0.000000000  0.000000000  0.000000000  0.000000000
  0.124   0.012400   0.000000000  0.000000000  0.000000000  0.000000000  0.000000000  0.000000000
  0.125   0.012500   0.000000000  0.000000000  0.000000000  0.000000000  0.000000000  0.000000000
  0.126   0.012600   0.000000000  0.000000000  0.000000000  0.000000000  0.000000000  0.000000000
  0.127   0.012700   0.000000000  0.000000000  0.000000000  0.000000000  0.000000000  0.000000000
  0.128   0.012800   0.000000000  0.000000000  0.000000000  0.000000000  0.000000000  0.000000000
  0.129   0.012900   0.000000000  0.000000000  0.000000000  0.000000000  0.000000000  0.000000000
  0.130   0.013000   0.000000000  0.000000000  0.000000000  0.000000000  0.000000000  0.000000000
  0.131   0.013100   0.000000000  0.000000000  0.000000000  0.000000000  0.000000000  0.000000000
  0.132   0.013200   0.000000000  0.000000000  0.000000000  0.000000000  0.000000000  0.000000000
  0.133   0.013300   0.000000000  0.000000000  0.000000000  0.000000000  0.000000000  0.000000000
  0.134   0.013400   0.000000000  0.000000000  0.000000000  0.000000000  0.000000000  0.000000000
  0.135   0.013500   0.000000000  0.000000000  0.000000000  0.000000000  0.000000000  0.000000000
  0.136   0.013600   0.000000000  0.000000000  0.000000000  0.000000000  0.000000000  0.000000000
  0.137   0.013700   0.000000000  0.000000000  0.000000000  0.000000000  0.000000000  0.000000000
  0.138   0.013800   0.000000000  0.000000000  0.000000000  0.000000000  0.000000000  0.000000000
  0.139   0.013900   0.000000000  0.000000000  0.000000000  0.000000000  0.000000000  0.000000000
  0.140   0.014000   0.000000000  0.000000000  0.000000000  0.000000000  0.000000000  0.000000000
  0.141   0.014100   0.000000000  0.000000000  0.000000000  0.000000000  0.000000000  0.000000000
  0.142   0.014200   0.000000000  0.000000000  0.000000000  0.000000000  0.000000000  0.000000000
  0.143   0.014300   0.000000000  0.000000000  0.000000000  0.000000000  0.000000000  0.000000000
  0.144   0.014400   0.000000000  0.000000000  0.000000000  0.000000000  0.000000000  0.000000000
  0.145   0.014500   0.000000000  0.000000000  0.000000000  0.000000000  0.000000000  0.000000000
  0.146   0.014600   0.000000000  0.000000000  0.000000000  0.000000000  0.000000000  0.000000000
  0.147   0.014700   0.000000000  0.000000000  0.000000000  0.000000000  0.000000000  0.000000000
  0.148   0.014800   0.000000000  0.000000000  0.000000000  0.000000000  0.000000000  0.000000000
  0.149   0.014900   0.000000000  0.000000000  0.000000000  0.000000000  0.000000000  0.000000000
  0.150   0.015000   0.000000000  0.000000000  0.000000000  0.000000000  0.000000000  0.000000000
  0.151   0.015100   0.000000000  0.000000000  0.000000000  0.000000000  0.000000000  0.000000000
  0.152   0.015200   0.000000000  0.000000000  0.000000000  0.000000000  0.000000000  0.000000000
  0.153   0.015300   0.000000000  0.000000000  0.000000000  0.000000000  0.000000000  0.000000000
  0.154   0.015400   0.000000000  0.000000000  0.000000000  0.000000000  0.000000000  0.000000000
  0.155   0.015500   0.000000000  0.000000000  0.000000000  0.000000000  0.000000000  0.000000000
  0.156   0.015600   0.000000000  0.000000000  0.000000000  0.000000000  0.000000000  0.000000000
  0.157   0.015700   0.000000000  0.000000000  0.000000000  0.000000000  0.000000000  0.000000000
  0.158   0.015800   0.000000000  0.000000000  0.000000000  0.000000000  0.000000000  0.000000000
  0.159   0.015900   0.000000000  0.000000000  0.000000000  0.000000000  0.000000000  0.000000000
  0.160   0.016000   0.000000000  0.000000000  0.000000000  0.000000000  0.000000000  0.000000000
  0.161   0.016100   0.000000000  0.000000000  0.000000000  0.000000000  0.000000000  0.000000000
  0.162   0.016200   0.000000000  0.000000000  0.000000000  0.000000000  0.000000000  0.000000000
  0.163   0.016300   0.000000000  0.000000000  0.000000000  0.000000000  0.000000000  0.000000000
  0.164   0.016400   0.000000000  0.000000000  0.000000000  0.000000000  0.000000000  0.000000000
  0.165   0.016500   0.000000000  0.000000000  0.000000000  0.000000000  0.000000000  0.000000000
  0.166   0.016600   0.000000000  0.000000000  0.000000000  0.000000000  0.000000000  0.000000000
  0.167   0.016700   0.000000000  0.000000000  0.000000000  0.000000000  0.000000000  0.000000000
  0.168   0.016800   0.000000000  0.000000000  0.000000000  0.000000000  0.000000000  0.000000000
  0.169   0.016900   0.000000000  0.000000000  0.000000000  0.000000000  0.000000000  0.000000000
  0.170   0.017000   0.000000000  0.000000000  0.000000000  0.000000000  0.000000000  0.000000000
  0.171   0.017100   0.000000000  0.000000000  0.000000000  0.000000000  0.000000000  0.000000000
  0.172   0.017200   0.000000000  0.000000000  0.000000000  0.000000000  0.000000000  0.000000000
  0.173   0.017300   0.000000000  0.000000000  0.000000000  0.000000000  0.000000000  0.000000000
  0.174   0.017400   0.000000000  0.000000000  0.000000000  0.000000000  0.000000000  0.000000000
  0.175   0.017500   0.000000000  0.000000000  0.000000000  0.000000000  0.000000000  0.000000000
  0.176   0.017600   0.000000000  0.000000000  0.000000000  0.000000000  0.000000000  0.000000000
  0.177   0.017700   0.000000000  0.000000000  0.000000000  0.000000000  0.000000000  0.000000000
  0.178   0.017800   0.000000000  0.000000000  0.000000000  0.000000000  0.000000000  0.000000000
  0.179   0.017900   0.000000000  0.000000000  0.000000000  0.000000000  0.000000000  0.000000000
  0.180   0.018000   0.000000000  0.000000000  0.000000000  0.000000000  0.000000000  0.000000000
  0.181   0.018100   0.000000000  0.000000000  0.000000000  0.000000000  0.000000000  0.000000000
  0.182   0.018200   0.000000000  0.000000000  0.000000000  0.000000000  0.000000000  0.000000000
  0.183   0.018300   0.000000000  0.000000000  0.000000000  0.000000000  0.000000000  0.000000000
  0.184   0.018400   0.000000000  0.000000000  0.000000000  0.000000000  0.000000000  0.000000000
  0.185   0.018500   0.000000000  0.000000000  0.000000000  0.000000000  0.000000000  0.000000000
  0.186   0.018600   0.000000000  0.000000000  0.000000000  0.000000000  0.000000000  0.000000000
  0.187   0.018700   0.000000000  0.000000000  0.000000000  0.000000000  0.000000000  0.000000000
  0.188   0.018800   0.000000000  0.000000000  0.000000000  0.000000000  0.000000000  0.000000000
  0.189   0.018900   0.000000000  0.000000000  0.000000000  0.000000000  0.000000000  0.000000000
  0.190   0.019000   0.000000000  0.000000000  0.000000000  0.000000000  0.000000000  0.000000000
  0.191   0.019100   0.000000000  0.000000000  0.000000000  0.000000000  0.000000000  0.000000000
  0.192   0.019200   0.000000000  0.000000000  0.000000000  0.000000000  0.000000000  0.000000000
  0.193   0.019300   0.000000000  0.000000000  0.000000000  0.000000000  0.000000000  0.000000000
  0.194   0.019400   0.000000000  0.000000000  0.000000000  0.000000000  0.000000000  0.000000000
  0.195   0.019500   0.000000000  0.000000000  0.000000000  0.000000000  0.000000000  0.000000000
  0.196   0.019600   0.000000000  0.000000000  0.000000000  0.000000000  0.000000000  0.000000000
  0.197   0.019700   0.000000000  0.000000000  0.000000000  0.000000000  0.000000000  0.000000000
  0.198   0.019800   0.000000000  0.000000000  0.000000000  0.000000000  0.000000000  0.000000000
  0.199   0.019900   0.000000000  0.000000000  0.000000000  0.000000000  0.000000000  0.000000000
  0.200   0.020000   0.000000000  0.000000000  0.000000000  0.000000000  0.000000000  0.000000000
  0.201   0.020100   0.000000000  0.000000000  0.000000000  0.000000000  0.000000000  0.000000000
  0.202   0.020200   0.000000000  0.000000000  0.000000000  0.000000000  0.000000000  0.000000000
  0.203   0.020300   0.000000000  0.000000000  0.000000000  0.000000000  0.000000000  0.000000000
  0.204   0.020400   0.000000000  0.000000000  0.000000000  0.000000000  0.000000000  0.000000000
  0.205   0.020500   0.000000000  0.000000000  0.000000000  0.000000000  0.000000000  0.000000000
  0.206   0.020600   0.000000000  0.000000000  0.000000000  0.000000000  0.000000000  0.000000000
  0.207   0.020700   0.000000000  0.000000000  0.000000000  0.000000000  0.000000000  0.000000000
  0.208   0.020800   0.000000000  0.000000000  0.000000000  0.000000000  0.000000000  0.000000000
  0.209   0.020900   0.000000000  0.000000000  0.000000000  0.000000000  0.000000000  0.000000000
  0.210   0.021000   0.000000000  0.000000000  0.000000000  0.000000000  0.000000000  0.000000000
  0.211   0.021100   0.000000000  0.000000000  0.000000000  0.000000000  0.000000000  0.000000000
  0.212   0.021200   0.000000000  0.000000000  0.000000000  0.000000000  0.000000000  0.000000000
  0.213   0.021300   0.000000000  0.000000000  0.000000000  0.000000000  0.000000000  0.000000000
  0.214   0.021400   0.000000000  0.000000000  0.000000000  0.000000000  0.000000000  0.000000000
  0.215   0.021500   0.000000000  0.000000000  0.000000000  0.000000000  0.000000000  0.000000000
  0.216   0.021600   0.000000000  0.000000000  0.000000000  0.000000000  0.000000000  0.000000000
  0.217   0.021700   0.000000000  0.000000000  0.000000000  0.000000000  0.000000000  0.000000000
  0.218   0.021800   0.000000000  0.000000000  0.000000000  0.000000000  0.000000000  0.000000000
  0.219   0.021900   0.000000000  0.000000000  0.000000000  0.000000000  0.000000000  0.000000000
  0.220   0.022000   0.000000000  0.000000000  0.000000000  0.000000000  0.000000000  0.000000000
  0.221   0.022100   0.000000000  0.000000000  0.000000000  0.000000000  0.000000000  0.000000000
  0.222   0.022200   0.000000000  0.000000000  0.000000000  0.000000000  0.000000000  0.000000000
  0.223   0.022300   0.000000000  0.000000000  0.000000000  0.000000000  0.000000000  0.000000000
  0.224   0.022400   0.000000000  0.000000000  0.000000000  0.000000000  0.000000000  0.000000000
  0.225   0.022500   0.000000000  0.000000000  0.000000000  0.000000000  0.000000000  0.000000000
  0.226   0.022600   0.000000000  0.000000000  0.000000000  0.000000000  0.000000000  0.000000000
  0.227   0.022700   0.000000000  0.000000000  0.000000000  0.000000000  0.000000000  0.000000000
  0.228   0.022800   0.000000000  0.000000000  0.000000000  0.000000000  0.000000000  0.000000000
  0.229   0.022900   0.000000000  0.000000000  0.000000000  0.000000000  0.000000000  0.000000000
  0.230   0.023000   0.000000000  0.000000000  0.000000000  0.000000000  0.000000000  0.000000000
  0.231   0.023100   0.000000000  0.000000000  0.000000000  0.000000000  0.000000000  0.000000000
  0.232   0.023200   0.000000000  0.000000000  0.000000000  0.000000000  0.000000000  0.000000000
  0.233   0.023300   0.000000000  0.000000000  0.000000000  0.000000000  0.000000000  0.000000000
  0.234   0.023400   0.000000000  0.000000000  0.000000000  0.000000000  0.000000000  0.000000000
  0.235   0.023500   0.000000000  0.000000000  0.000000000  0.000000000  0.000000000  0.000000000
  0.236   0.023600   0.000000000  0.000000000  0.000000000  0.000000000  0.000000000  0.000000000
  0.237   0.023700   0.000000000  0.000000000  0.000000000  0.000000000  0.000000000  0.000000000
  0.238   0.023800   0.000000000  0.000000000  0.000000000  0.000000000  0.000000000  0.000000000
  0.239   0.023900   0.000000000  0.000000000  0.000000000  0.000000000  0.000000000  0.000000000
  0.240   0.024000   0.000000000  0.000000000  0.000000000  0.000000000  0.000000000  0.000000000
  0.241   0.024100   0.000000000  0.000000000  0.000000000  0.000000000  0.000000000  0.000000000
  0.242   0.024200   0.000000000  0.000000000  0.000000000  0.000000000  0.000000000  0.000000000
  0.243   0.024300   0.000000000  0.000000000  0.000000000  0.000000000  0.000000000  0.000000000
  0.244   0.024400   0.000000000  0.000000000  0.000000000  0.000000000  0.000000000  0.000000000
  0.245   0.024500   0.000000000  0.000000000  0.000000000  0.000000000  0.000000000  0.000000000
  0.246   0.024600   0.000000000  0.000000000  0.000000000  0.000000000  0.000000000  0.000000000
  0.247   0.024700   0.000000000  0.000000000  0.000000000  0.000000000  0.000000000  0.000000000
  0.248   0.024800   0.000000000  0.000000000  0.000000000  0.000000000  0.000000000  0.000000000
  0.249   0.024900   0.000000000  0.000000000  0.000000000  0.000000000  0.000000000  0.000000000
  0.250   0.025000   0.000000000  0.000000000  0.000000000  0.000000000  0.000000000  0.000000000
  0.251   0.025100   0.000000000  0.000000000  0.000000000  0.000000000  0.000000000  0.000000000
  0.252   0.025200   0.000000000  0.000000000  0.000000000  0.000000000  0.000000000  0.000000000
  0.253   0.025300   0.000000000  0.000000000  0.000000000  0.000000000  0.000000000  0.000000000
  0.254   0.025400   0.000000000  0.000000000  0.000000000  0.000000000  0.000000000  0.000000000
  0.255   0.025500   0.000000000  0.000000000  0.000000000  0.000000000  0.000000000  0.000000000
  0.256   0.025600   0.000000000  0.000000000  0.000000000  0.000000000  0.000000000  0.000000000
  0.257   0.025700   0.000000000  0.000000000  0.000000000  0.000000000  0.000000000  0.000000000
  0.258   0.025800   0.000000000  0.000000000  0.000000000  0.000000000  0.000000000  0.000000000
  0.259   0.025900   0.000000000  0.000000000  0.000000000  0.000000000  0.000000000  0.000000000
  0.260   0.026000   0.000000000  0.000000000  0.000000000  0.000000000  0.000000000  0.000000000
  0.261   0.026100   0.000000000  0.000000000  0.000000000  0.000000000  0.000000000  0.000000000
  0.262   0.026200   0.000000000  0.000000000  0.000000000  0.000000000  0.000000000  0.000000000
  0.263   0.026300   0.000000000  0.000000000  0.000000000  0.000000000  0.000000000  0.000000000
  0.264   0.026400   0.000000000  0.000000000  0.000000000  0.000000000  0.000000000  0.000000000
  0.265   0.026500   0.000000000  0.000000000  0.000000000  0.000000000  0.000000000  0.000000000
  0.266   0.026600   0.000000000  0.000000000  0.000000000  0.000000000  0.000000000  0.000000000
  0.267   0.026700   0.000000000  0.000000000  0.000000000  0.000000000  0.000000000  0.000000000
  0.268   0.026800   0.000000000  0.000000000  0.000000000  0.000000000  0.000000000  0.000000000
  0.269   0.026900   0.000000000  0.000000000  0.000000000  0.000000000  0.000000000  0.000000000
  0.270   0.027000   0.000000000  0.000000000  0.000000000  0.000000000  0.000000000  0.000000000
  0.271   0.027100   0.000000000  0.000000000  0.000000000  0.000000000  0.000000000  0.000000000
  0.272   0.027200   0.000000000  0.000000000  0.000000000  0.000000000  0.000000000  0.000000000
  0.273   0.027300   0.000000000  0.000000000  0.000000000  0.000000000  0.000000000  0.000000000
  0.274   0.027400   0.000000000  0.000000000  0.000000000  0.000000000  0.000000000  0.000000000
  0.275   0.027500   0.000000000  0.000000000  0.000000000  0.000000000  0.000000000  0.000000000
  0.276   0.027600   0.000000000  0.000000000  0.000000000  0.000000000  0.000000000  0.000000000
  0.277   0.027700   0.000000000  0.000000000  0.000000000  0.000000000  0.000000000  0.000000000
  0.278   0.027800   0.000000000  0.000000000  0.000000000  0.000000000  0.000000000  0.000000000
  0.279   0.027900   0.000000000  0.000000000  0.000000000  0.000000000  0.000000000  0.000000000
  0.280   0.028000   0.000000000  0.000000000  0.000000000  0.000000000  0.000000000  0.000000000
  0.281   0.028100   0.000000000  0.000000000  0.000000000  0.000000000  0.000000000  0.000000000
  0.282   0.028200   0.000000000  0.000000000  0.000000000  0.000000000  0.000000000  0.000000000
  0.283   0.028300   0.000000000  0.000000000  0.000000000  0.000000000  0.000000000  0.000000000
  0.284   0.028400   0.000000000  0.000000000  0.000000000  0.000000000  0.000000000  0.000000000
  0.285   0.028500   0.000000000  0.000000000  0.000000000  0.000000000  0.000000000  0.000000000
  0.286   0.028600   0.000000000  0.000000000  0.000000000  0.000000000  0.000000000  0.000000000
  0.287   0.028700   0.000000000  0.000000000  0.000000000  0.000000000  0.000000000  0.000000000
  0.288   0.028800   0.000000000  0.000000000  0.000000000  0.000000000  0.000000000  0.000000000
  0.289   0.028900   0.000000000  0.000000000  0.000000000  0.000000000  0.000000000  0.000000000
  0.290   0.029000   0.000000000  0.000000000  0.000000000  0.000000000  0.000000000  0.000000000
  0.291   0.029100   0.000000000  0.000000000  0.000000000  0.000000000  0.000000000  0.000000000
  0.292   0.029200   0.000000000  0.000000000  0.000000000  0.000000000  0.000000000  0.000000000
  0.293   0.029300   0.000000000  0.000000000  0.000000000  0.000000000  0.000000000  0.000000000
  0.294   0.029400   0.000000000  0.000000000  0.000000000  0.000000000  0.000000000  0.000000000
  0.295   0.029500   0.000000000  0.000000000  0.000000000  0.000000000  0.000000000  0.000000000
  0.296   0.029600   0.000000000  0.000000000  0.000000000  0.000000000  0.000000000  0.000000000
  0.297   0.029700   0.000000000  0.000000000  0.000000000  0.000000000  0.000000000  0.000000000
  0.298   0.029800   0.000000000  0.000000000  0.000000000  0.000000000  0.000000000  0.000000000
  0.299   0.029900   0.000000000  0.000000000  0.000000000  0.000000000  0.000000000  0.000000000
  0.300   0.030000   0.000000000  0.000000000  0.000000000  0.000000000  0.000000000  0.000000000
  0.301   0.030100   0.000000000  0.000000000  0.000000000  0.000000000  0.000000000  0.000000000
  0.302   0.030200   0.000000000  0.000000000  0.000000000  0.000000000  0.000000000  0.000000000
  0.303   0.030300   0.000000000  0.000000000  0.000000000  0.000000000  0.000000000  0.000000000
  0.304   0.030400   0.000000000  0.000000000  0.000000000  0.000000000  0.000000000  0.000000000
  0.305   0.030500   0.000000000  0.000000000  0.000000000  0.000000000  0.000000000  0.000000000
  0.306   0.030600   0.000000000  0.000000000  0.000000000  0.000000000  0.000000000  0.000000000
  0.307   0.030700   0.000000000  0.000000000  0.000000000  0.000000000  0.000000000  0.000000000
  0.308   0.030800   0.000000000  0.000000000  0.000000000  0.000000000  0.000000000  0.000000000
  0.309   0.030900   0.000000000  0.000000000  0.000000000  0.000000000  0.000000000  0.000000000
  0.310   0.031000   0.000000000  0.000000000  0.000000000  0.000000000  0.000000000  0.000000000
  0.311   0.031100   0.000000000  0.000000000  0.000000000  0.000000000  0.000000000  0.000000000
  0.312   0.031200   0.000000000  0.000000000  0.000000000  0.000000000  0.000000000  0.000000000
  0.313   0.031300   0.000000000  0.000000000  0.000000000  0.000000000  0.000000000  0.000000000
  0.314   0.031400   0.000000000  0.000000000  0.000000000  0.000000000  0.000000000  0.000000000
  0.315   0.031500   0.000000000  0.000000000  0.000000000  0.000000000  0.000000000  0.000000000
  0.316   0.031600   0.000000000  0.000000000  0.000000000  0.000000000  0.000000000  0.000000000
  0.317   0.031700   0.000000000  0.000000000  0.000000000  0.000000000  0.000000000  0.000000000
  0.318   0.031800   0.000000000  0.000000000  0.000000000  0.000000000  0.000000000  0.000000000
  0.319   0.031900   0.000000000  0.000000000  0.000000000  0.000000000  0.000000000  0.000000000
  0.320   0.032000   0.000000000  0.000000000  0.000000000  0.000000000  0.000000000  0.000000000
  0.321   0.032100   0.000000000  0.000000000  0.000000000  0.000000000  0.000000000  0.000000000
  0.322   0.032200   0.000000000  0.000000000  0.000000000  0.000000000  0.000000000  0.000000000
  0.323   0.032300   0.000000000  0.000000000  0.000000000  0.000000000  0.000000000  0.000000000
  0.324   0.032400   0.000000000  0.000000000  0.000000000  0.000000000  0.000000000  0.000000000
  0.325   0.032500   0.000000000  0.000000000  0.000000000  0.000000000  0.000000000  0.000000000
  0.326   0.032600   0.000000000  0.000000000  0.000000000  0.000000000  0.000000000  0.000000000
  0.327   0.032700   0.000000000  0.000000000  0.000000000  0.000000000  0.000000000  0.000000000
  0.328   0.032800   0.000000000  0.000000000  0.000000000  0.000000000  0.000000000  0.000000000
  0.329   0.032900   0.000000000  0.000000000  0.000000000  0.000000000  0.000000000  0.000000000
  0.330   0.033000   0.000000000  0.000000000  0.000000000  0.000000000  0.000000000  0.000000000
  0.331   0.033100   0.000000000  0.000000000  0.000000000  0.000000000  0.000000000  0.000000000
  0.332   0.033200   0.000000000  0.000000000  0.000000000  0.000000000  0.000000000  0.000000000
  0.333   0.033300   0.000000000  0.000000000  0.000000000  0.000000000  0.000000000  0.000000000
  0.334   0.033400   0.000000000  0.000000000  0.000000000  0.000000000  0.000000000  0.000000000
  0.335   0.033500   0.000000000  0.000000000  0.000000000  0.000000000  0.000000000  0.000000000
  0.336   0.033600   0.000000000  0.000000000  0.000000000  0.000000000  0.000000000  0.000000000
  0.337   0.033700   0.000000000  0.000000000  0.000000000  0.000000000  0.000000000  0.000000000
  0.338   0.033800   0.000000000  0.000000000  0.000000000  0.000000000  0.000000000  0.000000000
  0.339   0.033900   0.000000000  0.000000000  0.000000000  0.000000000  0.000000000  0.000000000
  0.340   0.034000   0.000000000  0.000000000  0.000000000  0.000000000  0.000000000  0.000000000
  0.341   0.034100   0.000000000  0.000000000  0.000000000  0.000000000  0.000000000  0.000000000
  0.342   0.034200   0.000000000  0.000000000  0.000000000  0.000000000  0.000000000  0.000000000
  0.343   0.034300   0.000000000  0.000000000  0.000000000  0.000000000  0.000000000  0.000000000
  0.344   0.034400   0.000000000  0.000000000  0.000000000  0.000000000  0.000000000  0.000000000
  0.345   0.034500   0.000000000  0.000000000  0.000000000  0.000000000  0.000000000  0.000000000
  0.346   0.034600   0.000000000  0.000000000  0.000000000  0.000000000  0.000000000  0.000000000
  0.347   0.034700   0.000000000  0.000000000  0.000000000  0.000000000  0.000000000  0.000000000
  0.348   0.034800   0.000000000  0.000000000  0.000000000  0.000000000  0.000000000  0.000000000
  0.349   0.034900   0.000000000  0.000000000  0.000000000  0.000000000  0.000000000  0.000000000
  0.350   0.035000   0.000000000  0.000000000  0.000000000  0.000000000  0.000000000  0.000000000
  0.351   0.035100   0.000000000  0.000000000  0.000000000  0.000000000  0.000000000  0.000000000
  0.352   0.035200   0.000000000  0.000000000  0.000000000  0.000000000  0.000000000  0.000000000
  0.353   0.035300   0.000000000  0.000000000  0.000000000  0.000000000  0.000000000  0.000000000
  0.354   0.035400   0.000000000  0.000000000  0.000000000  0.000000000  0.000000000  0.000000000
  0.355   0.035500   0.000000000  0.000000000  0.000000000  0.000000000  0.000000000  0.000000000
  0.356   0.035600   0.000000000  0.000000000  0.000000000  0.000000000  0.000000000  0.000000000
  0.357   0.035700   0.000000000  0.000000000  0.000000000  0.000000000  0.000000000  0.000000000
  0.358   0.035800   0.000000000  0.000000000  0.000000000  0.000000000  0.000000000  0.000000000
  0.359   0.035900   0.000000000  0.000000000  0.000000000  0.000000000  0.000000000  0.000000000
  0.360   0.036000   0.000000000  0.000000000  0.000000000  0.000000000  0.000000000  0.000000000
  0.361   0.036100   0.000000000  0.000000000  0.000000000  0.000000000  0.000000000  0.000000000
  0.362   0.036200   0.000000000  0.000000000  0.000000000  0.000000000  0.000000000  0.000000000
  0.363   0.036300   0.000000000  0.000000000  0.000000000  0.000000000  0.000000000  0.000000000
  0.364   0.036400   0.000000000  0.000000000  0.000000000  0.000000000  0.000000000  0.000000000
  0.365   0.036500   0.000000000  0.000000000  0.000000000  0.000000000  0.000000000  0.000000000
  0.366   0.036600   0.000000000  0.000000000  0.000000000  0.000000000  0.000000000  0.000000000
  0.367   0.036700   0.000000000  0.000000000  0.000000000  0.000000000  0.000000000  0.000000000
  0.368   0.036800   0.000000000  0.000000000  0.000000000  0.000000000  0.000000000  0.000000000
  0.369   0.036900   0.000000000  0.000000000  0.000000000  0.000000000  0.000000000  0.000000000
  0.370   0.037000   0.000000000  0.000000000  0.000000000  0.000000000  0.000000000  0.000000000
  0.371   0.037100   0.000000000  0.000000000  0.000000000  0.000000000  0.000000000  0.000000000
  0.372   0.037200   0.000000000  0.000000000  0.000000000  0.000000000  0.000000000  0.000000000
  0.373   0.037300   0.000000000  0.000000000  0.000000000  0.000000000  0.000000000  0.000000000
  0.374   0.037400   0.000000000  0.000000000  0.000000000  0.000000000  0.000000000  0.000000000
  0.375   0.037500   0.000000000  0.000000000  0.000000000  0.000000000  0.000000000  0.000000000
  0.376   0.037600   0.000000000  0.000000000  0.000000000  0.000000000  0.000000000  0.000000000
  0.377   0.037700   0.000000000  0.000000000  0.000000000  0.000000000  0.000000000  0.000000000
  0.378   0.037800   0.000000000  0.000000000  0.000000000  0.000000000  0.000000000  0.000000000
  0.379   0.037900   0.000000000  0.000000000  0.000000000  0.000000000  0.000000000  0.000000000
  0.380   0.038000   0.000000000  0.000000000  0.000000000  0.000000000  0.000000000  0.000000000
  0.381   0.038100   0.000000000  0.000000000  0.000000000  0.000000000  0.000000000  0.000000000
  0.382   0.038200   0.000000000  0.000000000  0.000000000  0.000000000  0.000000000  0.000000000
  0.383   0.038300   0.000000000  0.000000000  0.000000000  0.000000000  0.000000000  0.000000000
  0.384   0.038400   0.000000000  0.000000000  0.000000000  0.000000000  0.000000000  0.000000000
  0.385   0.038500   0.000000000  0.000000000  0.000000000  0.000000000  0.000000000  0.000000000
  0.386   0.038600   0.000000000  0.000000000  0.000000000  0.000000000  0.000000000  0.000000000
  0.387   0.038700   0.000000000  0.000000000  0.000000000  0.000000000  0.000000000  0.000000000
  0.388   0.038800   0.000000000  0.000000000  0.000000000  0.000000000  0.000000000  0.000000000
  0.389   0.038900   0.000000000  0.000000000  0.000000000  0.000000000  0.000000000  0.000000000
  0.390   0.039000   0.000000000  0.000000000  0.000000000  0.000000000  0.000000000  0.000000000
  0.391   0.039100   0.000000000  0.000000000  0.000000000  0.000000000  0.000000000  0.000000000
  0.392   0.039200   0.000000000  0.000000000  0.000000000  0.000000000  0.000000000  0.000000000
  0.393   0.039300   0.000000000  0.000000000  0.000000000  0.000000000  0.000000000  0.000000000
  0.394   0.039400   0.000000000  0.000000000  0.000000000  0.000000000  0.000000000  0.000000000
  0.395   0.039500   0.000000000  0.000000000  0.000000000  0.000000000  0.000000000  0.000000000
  0.396   0.039600   0.000000000  0.000000000  0.000000000  0.000000000  0.000000000  0.000000000
  0.397   0.039700   0.000000000  0.000000000  0.000000000  0.000000000  0.000000000  0.000000000
  0.398   0.039800   0.000000000  0.000000000  0.000000000  0.000000000  0.000000000  0.000000000
  0.399   0.039900   0.000000000  0.000000000  0.000000000  0.000000000  0.000000000  0.000000000
  0.400   0.040000   0.000000000  0.000000000  0.000000000  0.000000000  0.000000000  0.000000000
  0.401   0.040100   0.000000000  0.000000000  0.000000000  0.000000000  0.000000000  0.000000000
  0.402   0.040200   0.000000000  0.000000000  0.000000000  0.000000000  0.000000000  0.000000000
  0.403   0.040300   0.000000000  0.000000000  0.000000000  0.000000000  0.000000000  0.000000000
  0.404   0.040400   0.000000000  0.000000000  0.000000000  0.000000000  0.000000000  0.000000000
  0.405   0.040500   0.000000000  0.000000000  0.000000000  0.000000000  0.000000000  0.000000000
  0.406   0.040600   0.000000000  0.000000000  0.000000000  0.000000000  0.000000000  0.000000000
  0.407   0.040700   0.000000000  0.000000000  0.000000000  0.000000000  0.000000000  0.000000000
  0.408   0.040800   0.000000000  0.000000000  0.000000000  0.000000000  0.000000000  0.000000000
  0.409   0.040900   0.000000000  0.000000000  0.000000000  0.000000000  0.000000000  0.000000000
  0.410   0.041000   0.000000000  0.000000000  0.000000000  0.000000000  0.000000000  0.000000000
  0.411   0.041100   0.000000000  0.000000000  0.000000000  0.000000000  0.000000000  0.000000000
  0.412   0.041200   0.000000000  0.000000000  0.000000000  0.000000000  0.000000000  0.000000000
  0.413   0.041300   0.000000000  0.000000000  0.000000000  0.000000000  0.000000000  0.000000000
  0.414   0.041400   0.000000000  0.000000000  0.000000000  0.000000000  0.000000000  0.000000000
  0.415   0.041500   0.000000000  0.000000000  0.000000000  0.000000000  0.000000000  0.000000000
  0.416   0.041600   0.000000000  0.000000000  0.000000000  0.000000000  0.000000000  0.000000000
  0.417   0.041700   0.000000000  0.000000000  0.000000000  0.000000000  0.000000000  0.000000000
  0.418   0.041800   0.000000000  0.000000000  0.000000000  0.000000000  0.000000000  0.000000000
  0.419   0.041900   0.000000000  0.000000000  0.000000000  0.000000000  0.000000000  0.000000000
  0.420   0.042000   0.000000000  0.000000000  0.000000000  0.000000000  0.000000000  0.000000000
  0.421   0.042100   0.000000000  0.000000000  0.000000000  0.000000000  0.000000000  0.000000000
  0.422   0.042200   0.000000000  0.000000000  0.000000000  0.000000000  0.000000000  0.000000000
  0.423   0.042300   0.000000000  0.000000000  0.000000000  0.000000000  0.000000000  0.000000000
  0.424   0.042400   0.000000000  0.000000000  0.000000000  0.000000000  0.000000000  0.000000000
  0.425   0.042500   0.000000000  0.000000000  0.000000000  0.000000000  0.000000000  0.000000000
  0.426   0.042600   0.000000000  0.000000000  0.000000000  0.000000000  0.000000000  0.000000000
  0.427   0.042700   0.000000000  0.000000000  0.000000000  0.000000000  0.000000000  0.000000000
  0.428   0.042800   0.000000000  0.000000000  0.000000000  0.000000000  0.000000000  0.000000000
  0.429   0.042900   0.000000000  0.000000000  0.000000000  0.000000000  0.000000000  0.000000000
  0.430   0.043000   0.000000000  0.000000000  0.000000000  0.000000000  0.000000000  0.000000000
  0.431   0.043100   0.000000000  0.000000000  0.000000000  0.000000000  0.000000000  0.000000000
  0.432   0.043200   0.000000000  0.000000000  0.000000000  0.000000000  0.000000000  0.000000000
  0.433   0.043300   0.000000000  0.000000000  0.000000000  0.000000000  0.000000000  0.000000000
  0.434   0.043400   0.000000000  0.000000000  0.000000000  0.000000000  0.000000000  0.000000000
  0.435   0.043500   0.000000000  0.000000000  0.000000000  0.000000000  0.000000000  0.000000000
  0.436   0.043600   0.000000000  0.000000000  0.000000000  0.000000000  0.000000000  0.000000000
  0.437   0.043700   0.000000000  0.000000000  0.000000000  0.000000000  0.000000000  0.000000000
  0.438   0.043800   0.000000000  0.000000000  0.000000000  0.000000000  0.000000000  0.000000000
  0.439   0.043900   0.000000000  0.000000000  0.000000000  0.000000000  0.000000000  0.000000000
  0.440   0.044000   0.000000000  0.000000000  0.000000000  0.000000000  0.000000000  0.000000000
  0.441   0.044100   0.000000000  0.000000000  0.000000000  0.000000000  0.000000000  0.000000000
  0.442   0.044200   0.000000000  0.000000000  0.000000000  0.000000000  0.000000000  0.000000000
  0.443   0.044300   0.000000000  0.000000000  0.000000000  0.000000000  0.000000000  0.000000000
  0.444   0.044400   0.000000000  0.000000000  0.000000000  0.000000000  0.000000000  0.000000000
  0.445   0.044500   0.000000000  0.000000000  0.000000000  0.000000000  0.000000000  0.000000000
  0.446   0.044600   0.000000000  0.000000000  0.000000000  0.000000000  0.000000000  0.000000000
  0.447   0.044700   0.000000000  0.000000000  0.000000000  0.000000000  0.000000000  0.000000000
  0.448   0.044800   0.000000000  0.000000000  0.000000000  0.000000000  0.000000000  0.000000000
  0.449   0.044900   0.000000000  0.000000000  0.000000000  0.000000000  0.000000000  0.000000000
  0.450   0.045000   0.000000000  0.000000000  0.000000000  0.000000000  0.000000000  0.000000000
  0.451   0.045100   0.000000000  0.000000000  0.000000000  0.000000000  0.000000000  0.000000000
  0.452   0.045200   0.000000000  0.000000000  0.000000000  0.000000000  0.000000000  0.000000000
  0.453   0.045300   0.000000000  0.000000000  0.000000000  0.000000000  0.000000000  0.000000000
  0.454   0.045400   0.000000000  0.000000000  0.000000000  0.000000000  0.000000000  0.000000000
  0.455   0.045500   0.000000000  0.000000000  0.000000000  0.000000000  0.000000000  0.000000000
  0.456   0.045600   0.000000000  0.000000000  0.000000000  0.000000000  0.000000000  0.000000000
  0.457   0.045700   0.000000000  0.000000000  0.000000000  0.000000000  0.000000000  0.000000000
  0.458   0.045800   0.000000000  0.000000000  0.000000000  0.000000000  0.000000000  0.000000000
  0.459   0.045900   0.000000000  0.000000000  0.000000000  0.000000000  0.000000000  0.000000000
  0.460   0.046000   0.000000000  0.000000000  0.000000000  0.000000000  0.000000000  0.000000000
  0.461   0.046100   0.000000000  0.000000000  0.000000000  0.000000000  0.000000000  0.000000000
  0.462   0.046200   0.000000000  0.000000000  0.000000000  0.000000000  0.000000000  0.000000000
  0.463   0.046300   0.000000000  0.000000000  0.000000000  0.000000000  0.000000000  0.000000000
  0.464   0.046400   0.000000000  0.000000000  0.000000000  0.000000000  0.000000000  0.000000000
  0.465   0.046500   0.000000000  0.000000000  0.000000000  0.000000000  0.000000000  0.000000000
  0.466   0.046600   0.000000000  0.000000000  0.000000000  0.000000000  0.000000000  0.000000000
  0.467   0.046700   0.000000000  0.000000000  0.000000000  0.000000000  0.000000000  0.000000000
  0.468   0.046800   0.000000000  0.000000000  0.000000000  0.000000000  0.000000000  0.000000000
  0.469   0.046900   0.000000000  0.000000000  0.000000000  0.000000000  0.000000000  0.000000000
  0.470   0.047000   0.000000000  0.000000000  0.000000000  0.000000000  0.000000000  0.000000000
  0.471   0.047100   0.000000000  0.000000000  0.000000000  0.000000000  0.000000000  0.000000000
  0.472   0.047200   0.000000000  0.000000000  0.000000000  0.000000000  0.000000000  0.000000000
  0.473   0.047300   0.000000000  0.000000000  0.000000000  0.000000000  0.000000000  0.000000000
  0.474   0.047400   0.000000000  0.000000000  0.000000000  0.000000000  0.000000000  0.000000000
  0.475   0.047500   0.000000000  0.000000000  0.000000000  0.000000000  0.000000000  0.000000000
  0.476   0.047600   0.000000000  0.000000000  0.000000000  0.000000000  0.000000000  0.000000000
  0.477   0.047700   0.000000000  0.000000000  0.000000000  0.000000000  0.000000000  0.000000000
  0.478   0.047800   0.000000000  0.000000000  0.000000000  0.000000000  0.000000000  0.000000000
  0.479   0.047900   0.000000000  0.000000000  0.000000000  0.000000000  0.000000000  0.000000000
  0.480   0.048000   0.000000000  0.000000000  0.000000000  0.000000000  0.000000000  0.000000000
  0.481   0.048100   0.000000000  0.000000000  0.000000000  0.000000000  0.000000000  0.000000000
  0.482   0.048200   0.000000000  0.000000000  0.000000000  0.000000000  0.000000000  0.000000000
  0.483   0.048300   0.000000000  0.000000000  0.000000000  0.000000000  0.000000000  0.000000000
  0.484   0.048400   0.000000000  0.000000000  0.000000000  0.000000000  0.000000000  0.000000000
  0.485   0.048500   0.000000000  0.000000000  0.000000000  0.000000000  0.000000000  0.000000000
  0.486   0.048600   0.000000000  0.000000000  0.000000000  0.000000000  0.000000000  0.000000000
  0.487   0.048700   0.000000000  0.000000000  0.000000000  0.000000000  0.000000000  0.000000000
  0.488   0.048800   0.000000000  0.000000000  0.000000000  0.000000000  0.000000000  0.000000000
  0.489   0.048900   0.000000000  0.000000000  0.000000000  0.000000000  0.000000000  0.000000000
  0.490   0.049000   0.000000000  0.000000000  0.000000000  0.000000000  0.000000000  0.000000000
  0.491   0.049100   0.000000000  0.000000000  0.000000000  0.000000000  0.000000000  0.000000000
  0.492   0.049200   0.000000000  0.000000000  0.000000000  0.000000000  0.000000000  0.000000000
  0.493   0.049300   0.000000000  0.000000000  0.000000000  0.000000000  0.000000000  0.000000000
  0.494   0.049400   0.000000000  0.000000000  0.000000000  0.000000000  0.000000000  0.000000000
  0.495   0.049500   0.000000000  0.000000000  0.000000000  0.000000000  0.000000000  0.000000000
  0.496   0.049600   0.000000000  0.000000000  0.000000000  0.000000000  0.000000000  0.000000000
  0.497   0.049700   0.000000000  0.000000000  0.000000000  0.000000000  0.000000000  0.000000000
  0.498   0.049800   0.000000000  0.000000000  0.000000000  0.000000000  0.000000000  0.000000000
  0.499   0.049900   0.000000000  0.000000000  0.000000000  0.000000000  0.000000000  0.000000000
  0.500   0.050000   0.000000000  0.000000000  0.000000000  0.000000000  0.000000000  0.000000000
  0.501   0.050100   0.000000000  0.000000000  0.000000000  0.000000000  0.000000000  0.000000000
  0.502   0.050200   0.000000000  0.000000000  0.000000000  0.000000000  0.000000000  0.000000000
  0.503   0.050300   0.000000000  0.000000000  0.000000000  0.000000000  0.000000000  0.000000000
  0.504   0.050400   0.000000000  0.000000000  0.000000000  0.000000000  0.000000000  0.000000000
  0.505   0.050500   0.000000000  0.000000000  0.000000000  0.000000000  0.000000000  0.000000000
  0.506   0.050600   0.000000000  0.000000000  0.000000000  0.000000000  0.000000000  0.000000000
  0.507   0.050700   0.000000000  0.000000000  0.000000000  0.000000000  0.000000000  0.000000000
  0.508   0.050800   0.000000000  0.000000000  0.000000000  0.000000000  0.000000000  0.000000000
  0.509   0.050900   0.000000000  0.000000000  0.000000000  0.000000000  0.000000000  0.000000000
  0.510   0.051000   0.000000000  0.000000000  0.000000000  0.000000000  0.000000000  0.000000000
  0.511   0.051100   0.000000000  0.000000000  0.000000000  0.000000000  0.000000000  0.000000000
  0.512   0.051200   0.000000000  0.000000000  0.000000000  0.000000000  0.000000000  0.000000000
  0.513   0.051300   0.000000000  0.000000000  0.000000000  0.000000000  0.000000000  0.000000000
  0.514   0.051400   0.000000000  0.000000000  0.000000000  0.000000000  0.000000000  0.000000000
  0.515   0.051500   0.000000000  0.000000000  0.000000000  0.000000000  0.000000000  0.000000000
  0.516   0.051600   0.000000000  0.000000000  0.000000000  0.000000000  0.000000000  0.000000000
  0.517   0.051700   0.000000000  0.000000000  0.000000000  0.000000000  0.000000000  0.000000000
  0.518   0.051800   0.000000000  0.000000000  0.000000000  0.000000000  0.000000000  0.000000000
  0.519   0.051900   0.000000000  0.000000000  0.000000000  0.000000000  0.000000000  0.000000000
  0.520   0.052000   0.000000000  0.000000000  0.000000000  0.000000000  0.000000000  0.000000000
  0.521   0.052100   0.000000000  0.000000000  0.000000000  0.000000000  0.000000000  0.000000000
  0.522   0.052200   0.000000000  0.000000000  0.000000000  0.000000000  0.000000000  0.000000000
  0.523   0.052300   0.000000000  0.000000000  0.000000000  0.000000000  0.000000000  0.000000000
  0.524   0.052400   0.000000000  0.000000000  0.000000000  0.000000000  0.000000000  0.000000000
  0.525   0.052500   0.000000000  0.000000000  0.000000000  0.000000000  0.000000000  0.000000000
  0.526   0.052600   0.000000000  0.000000000  0.000000000  0.000000000  0.000000000  0.000000000
  0.527   0.052700   0.000000000  0.000000000  0.000000000  0.000000000  0.000000000  0.000000000
  0.528   0.052800   0.000000000  0.000000000  0.000000000  0.000000000  0.000000000  0.000000000
  0.529   0.052900   0.000000000  0.000000000  0.000000000  0.000000000  0.000000000  0.000000000
  0.530   0.053000   0.000000000  0.000000000  0.000000000  0.000000000  0.000000000  0.000000000
  0.531   0.053100   0.000000000  0.000000000  0.000000000  0.000000000  0.000000000  0.000000000
  0.532   0.053200   0.000000000  0.000000000  0.000000000  0.000000000  0.000000000  0.000000000
  0.533   0.053300   0.000000000  0.000000000  0.000000000  0.000000000  0.000000000  0.000000000
  0.534   0.053400   0.000000000  0.000000000  0.000000000  0.000000000  0.000000000  0.000000000
  0.535   0.053500   0.000000000  0.000000000  0.000000000  0.000000000  0.000000000  0.000000000
  0.536   0.053600   0.000000000  0.000000000  0.000000000  0.000000000  0.000000000  0.000000000
  0.537   0.053700   0.000000000  0.000000000  0.000000000  0.000000000  0.000000000  0.000000000
  0.538   0.053800   0.000000000  0.000000000  0.000000000  0.000000000  0.000000000  0.000000000
  0.539   0.053900   0.000000000  0.000000000  0.000000000  0.000000000  0.000000000  0.000000000
  0.540   0.054000   0.000000000  0.000000000  0.000000000  0.000000000  0.000000000  0.000000000
  0.541   0.054100   0.000000000  0.000000000  0.000000000  0.000000000  0.000000000  0.000000000
  0.542   0.054200   0.000000000  0.000000000  0.000000000  0.000000000  0.000000000  0.000000000
  0.543   0.054300   0.000000000  0.000000000  0.000000000  0.000000000  0.000000000  0.000000000
  0.544   0.054400   0.000000000  0.000000000  0.000000000  0.000000000  0.000000000  0.000000000
  0.545   0.054500   0.000000000  0.000000000  0.000000000  0.000000000  0.000000000  0.000000000
  0.546   0.054600   0.000000000  0.000000000  0.000000000  0.000000000  0.000000000  0.000000000
  0.547   0.054700   0.000000000  0.000000000  0.000000000  0.000000000  0.000000000  0.000000000
  0.548   0.054800   0.000000000  0.000000000  0.000000000  0.000000000  0.000000000  0.000000000
  0.549   0.054900   0.000000000  0.000000000  0.000000000  0.000000000  0.000000000  0.000000000
  0.550   0.055000   0.000000000  0.000000000  0.000000000  0.000000000  0.000000000  0.000000000
  0.551   0.055100   0.000000000  0.000000000  0.000000000  0.000000000  0.000000000  0.000000000
  0.552   0.055200   0.000000000  0.000000000  0.000000000  0.000000000  0.000000000  0.000000000
  0.553   0.055300   0.000000000  0.000000000  0.000000000  0.000000000  0.000000000  0.000000000
  0.554   0.055400   0.000000000  0.000000000  0.000000000  0.000000000  0.000000000  0.000000000
  0.555   0.055500   0.000000000  0.000000000  0.000000000  0.000000000  0.000000000  0.000000000
  0.556   0.055600   0.000000000  0.000000000  0.000000000  0.000000000  0.000000000  0.000000000
  0.557   0.055700   0.000000000  0.000000000  0.000000000  0.000000000  0.000000000  0.000000000
  0.558   0.055800   0.000000000  0.000000000  0.000000000  0.000000000  0.000000000  0.000000000
  0.559   0.055900   0.000000000  0.000000000  0.000000000  0.000000000  0.000000000  0.000000000
  0.560   0.056000   0.000000000  0.000000000  0.000000000  0.000000000  0.000000000  0.000000000
  0.561   0.056100   0.000000000  0.000000000  0.000000000  0.000000000  0.000000000  0.000000000
  0.562   0.056200   0.000000000  0.000000000  0.000000000  0.000000000  0.000000000  0.000000000
  0.563   0.056300   0.000000000  0.000000000  0.000000000  0.000000000  0.000000000  0.000000000
  0.564   0.056400   0.000000000  0.000000000  0.000000000  0.000000000  0.000000000  0.000000000
  0.565   0.056500   0.000000000  0.000000000  0.000000000  0.000000000  0.000000000  0.000000000
  0.566   0.056600   0.000000000  0.000000000  0.000000000  0.000000000  0.000000000  0.000000000
  0.567   0.056700   0.000000000  0.000000000  0.000000000  0.000000000  0.000000000  0.000000000
  0.568   0.056800   0.000000000  0.000000000  0.000000000  0.000000000  0.000000000  0.000000000
  0.569   0.056900   0.000000000  0.000000000  0.000000000  0.000000000  0.000000000  0.000000000
  0.570   0.057000   0.000000000  0.000000000  0.000000000  0.000000000  0.000000000  0.000000000
  0.571   0.057100   0.000000000  0.000000000  0.000000000  0.000000000  0.000000000  0.000000000
  0.572   0.057200   0.000000000  0.000000000  0.000000000  0.000000000  0.000000000  0.000000000
  0.573   0.057300   0.000000000  0.000000000  0.000000000  0.000000000  0.000000000  0.000000000
  0.574   0.057400   0.000000000  0.000000000  0.000000000  0.000000000  0.000000000  0.000000000
  0.575   0.057500   0.000000000  0.000000000  0.000000000  0.000000000  0.000000000  0.000000000
  0.576   0.057600   0.000000000  0.000000000  0.000000000  0.000000000  0.000000000  0.000000000
  0.577   0.057700   0.000000000  0.000000000  0.000000000  0.000000000  0.000000000  0.000000000
  0.578   0.057800   0.000000000  0.000000000  0.000000000  0.000000000  0.000000000  0.000000000
  0.579   0.057900   0.000000000  0.000000000  0.000000000  0.000000000  0.000000000  0.000000000
  0.580   0.058000   0.000000000  0.000000000  0.000000000  0.000000000  0.000000000  0.000000000
  0.581   0.058100   0.000000000  0.000000000  0.000000000  0.000000000  0.000000000  0.000000000
  0.582   0.058200   0.000000000  0.000000000  0.000000000  0.000000000  0.000000000  0.000000000
  0.583   0.058300   0.000000000  0.000000000  0.000000000  0.000000000  0.000000000  0.000000000
  0.584   0.058400   0.000000000  0.000000000  0.000000000  0.000000000  0.000000000  0.000000000
  0.585   0.058500   0.000000000  0.000000000  0.000000000  0.000000000  0.000000000  0.000000000
  0.586   0.058600   0.000000000  0.000000000  0.000000000  0.000000000  0.000000000  0.000000000
  0.587   0.058700   0.000000000  0.000000000  0.000000000  0.000000000  0.000000000  0.000000000
  0.588   0.058800   0.000000000  0.000000000  0.000000000  0.000000000  0.000000000  0.000000000
  0.589   0.058900   0.000000000  0.000000000  0.000000000  0.000000000  0.000000000  0.000000000
  0.590   0.059000   0.000000000  0.000000000  0.000000000  0.000000000  0.000000000  0.000000000
  0.591   0.059100   0.000000000  0.000000000  0.000000000  0.000000000  0.000000000  0.000000000
  0.592   0.059200   0.000000000  0.000000000  0.000000000  0.000000000  0.000000000  0.000000000
  0.593   0.059300   0.000000000  0.000000000  0.000000000  0.000000000  0.000000000  0.000000000
  0.594   0.059400   0.000000000  0.000000000  0.000000000  0.000000000  0.000000000  0.000000000
  0.595   0.059500   0.000000000  0.000000000  0.000000000  0.000000000  0.000000000  0.000000000
  0.596   0.059600   0.000000000  0.000000000  0.000000000  0.000000000  0.000000000  0.000000000
  0.597   0.059700   0.000000000  0.000000000  0.000000000  0.000000000  0.000000000  0.000000000
  0.598   0.059800   0.000000000  0.000000000  0.000000000  0.000000000  0.000000000  0.000000000
  0.599   0.059900   0.000000000  0.000000000  0.000000000  0.000000000  0.000000000  0.000000000
  0.600   0.060000   0.000000000  0.000000000  0.000000000  0.000000000  0.000000000  0.000000000
  0.601   0.060100   0.000000000  0.000000000  0.000000000  0.000000000  0.000000000  0.000000000
  0.602   0.060200   0.000000000  0.000000000  0.000000000  0.000000000  0.000000000  0.000000000
  0.603   0.060300   0.000000000  0.000000000  0.000000000  0.000000000  0.000000000  0.000000000
  0.604   0.060400   0.000000000  0.000000000  0.000000000  0.000000000  0.000000000  0.000000000
  0.605   0.060500   0.000000000  0.000000000  0.000000000  0.000000000  0.000000000  0.000000000
  0.606   0.060600   0.000000000  0.000000000  0.000000000  0.000000000  0.000000000  0.000000000
  0.607   0.060700   0.000000000  0.000000000  0.000000000  0.000000000  0.000000000  0.000000000
  0.608   0.060800   0.000000000  0.000000000  0.000000000  0.000000000  0.000000000  0.000000000
  0.609   0.060900   0.000000000  0.000000000  0.000000000  0.000000000  0.000000000  0.000000000
  0.610   0.061000   0.000000000  0.000000000  0.000000000  0.000000000  0.000000000  0.000000000
  0.611   0.061100   0.000000000  0.000000000  0.000000000  0.000000000  0.000000000  0.000000000
  0.612   0.061200   0.000000000  0.000000000  0.000000000  0.000000000  0.000000000  0.000000000
  0.613   0.061300   0.000000000  0.000000000  0.000000000  0.000000000  0.000000000  0.000000000
  0.614   0.061400   0.000000000  0.000000000  0.000000000  0.000000000  0.000000000  0.000000000
  0.615   0.061500   0.000000000  0.000000000  0.000000000  0.000000000  0.000000000  0.000000000
  0.616   0.061600   0.000000000  0.000000000  0.000000000  0.000000000  0.000000000  0.000000000
  0.617   0.061700   0.000000000  0.000000000  0.000000000  0.000000000  0.000000000  0.000000000
  0.618   0.061800   0.000000000  0.000000000  0.000000000  0.000000000  0.000000000  0.000000000
  0.619   0.061900   0.000000000  0.000000000  0.000000000  0.000000000  0.000000000  0.000000000
  0.620   0.062000   0.000000000  0.000000000  0.000000000  0.000000000  0.000000000  0.000000000
  0.621   0.062100   0.000000000  0.000000000  0.000000000  0.000000000  0.000000000  0.000000000
  0.622   0.062200   0.000000000  0.000000000  0.000000000  0.000000000  0.000000000  0.000000000
  0.623   0.062300   0.000000000  0.000000000  0.000000000  0.000000000  0.000000000  0.000000000
  0.624   0.062400   0.000000000  0.000000000  0.000000000  0.000000000  0.000000000  0.000000000
  0.625   0.062500   0.000000000  0.000000000  0.000000000  0.000000000  0.000000000  0.000000000
  0.626   0.062600   0.000000000  0.000000000  0.000000000  0.000000000  0.000000000  0.000000000
  0.627   0.062700   0.000000000  0.000000000  0.000000000  0.000000000  0.000000000  0.000000000
  0.628   0.062800   0.000000000  0.000000000  0.000000000  0.000000000  0.000000000  0.000000000
  0.629   0.062900   0.000000000  0.000000000  0.000000000  0.000000000  0.000000000  0.000000000
  0.630   0.063000   0.000000000  0.000000000  0.000000000  0.000000000  0.000000000  0.000000000
  0.631   0.063100   0.000000000  0.000000000  0.000000000  0.000000000  0.000000000  0.000000000
  0.632   0.063200   0.000000000  0.000000000  0.000000000  0.000000000  0.000000000  0.000000000
  0.633   0.063300   0.000000000  0.000000000  0.000000000  0.000000000  0.000000000  0.000000000
  0.634   0.063400   0.000000000  0.000000000  0.000000000  0.000000000  0.000000000  0.000000000
  0.635   0.063500   0.000000000  0.000000000  0.000000000  0.000000000  0.000000000  0.000000000
  0.636   0.063600   0.000000000  0.000000000  0.000000000  0.000000000  0.000000000  0.000000000
  0.637   0.063700   0.000000000  0.000000000  0.000000000  0.000000000  0.000000000  0.000000000
  0.638   0.063800   0.000000000  0.000000000  0.000000000  0.000000000  0.000000000  0.000000000
  0.639   0.063900   0.000000000  0.000000000  0.000000000  0.000000000  0.000000000  0.000000000
  0.640   0.064000   0.000000000  0.000000000  0.000000000  0.000000000  0.000000000  0.000000000
  0.641   0.064100   0.000000000  0.000000000  0.000000000  0.000000000  0.000000000  0.000000000
  0.642   0.064200   0.000000000  0.000000000  0.000000000  0.000000000  0.000000000  0.000000000
  0.643   0.064300   0.000000000  0.000000000  0.000000000  0.000000000  0.000000000  0.000000000
  0.644   0.064400   0.000000000  0.000000000  0.000000000  0.000000000  0.000000000  0.000000000
  0.645   0.064500   0.000000000  0.000000000  0.000000000  0.000000000  0.000000000  0.000000000
  0.646   0.064600   0.000000000  0.000000000  0.000000000  0.000000000  0.000000000  0.000000000
  0.647   0.064700   0.000000000  0.000000000  0.000000000  0.000000000  0.000000000  0.000000000
  0.648   0.064800   0.000000000  0.000000000  0.000000000  0.000000000  0.000000000  0.000000000
  0.649   0.064900   0.000000000  0.000000000  0.000000000  0.000000000  0.000000000  0.000000000
  0.650   0.065000   0.000000000  0.000000000  0.000000000  0.000000000  0.000000000  0.000000000
  0.651   0.065100   0.000000000  0.000000000  0.000000000  0.000000000  0.000000000  0.000000000
  0.652   0.065200   0.000000000  0.000000000  0.000000000  0.000000000  0.000000000  0.000000000
  0.653   0.065300   0.000000000  0.000000000  0.000000000  0.000000000  0.000000000  0.000000000
  0.654   0.065400   0.000000000  0.000000000  0.000000000  0.000000000  0.000000000  0.000000000
  0.655   0.065500   0.000000000  0.000000000  0.000000000  0.000000000  0.000000000  0.000000000
  0.656   0.065600   0.000000000  0.000000000  0.000000000  0.000000000  0.000000000  0.000000000
  0.657   0.065700   0.000000000  0.000000000  0.000000000  0.000000000  0.000000000  0.000000000
  0.658   0.065800   0.000000000  0.000000000  0.000000000  0.000000000  0.000000000  0.000000000
  0.659   0.065900   0.000000000  0.000000000  0.000000000  0.000000000  0.000000000  0.000000000
  0.660   0.066000   0.000000000  0.000000000  0.000000000  0.000000000  0.000000000  0.000000000
  0.661   0.066100   0.000000000  0.000000000  0.000000000  0.000000000  0.000000000  0.000000000
  0.662   0.066200   0.000000000  0.000000000  0.000000000  0.000000000  0.000000000  0.000000000
  0.663   0.066300   0.000000000  0.000000000  0.000000000  0.000000000  0.000000000  0.000000000
  0.664   0.066400   0.000000000  0.000000000  0.000000000  0.000000000  0.000000000  0.000000000
  0.665   0.066500   0.000000000  0.000000000  0.000000000  0.000000000  0.000000000  0.000000000
  0.666   0.066600   0.000000000  0.000000000  0.000000000  0.000000000  0.000000000  0.000000000
  0.667   0.066700   0.000000000  0.000000000  0.000000000  0.000000000  0.000000000  0.000000000
  0.668   0.066800   0.000000000  0.000000000  0.000000000  0.000000000  0.000000000  0.000000000
  0.669   0.066900   0.000000000  0.000000000  0.000000000  0.000000000  0.000000000  0.000000000
  0.670   0.067000   0.000000000  0.000000000  0.000000000  0.000000000  0.000000000  0.000000000
  0.671   0.067100   0.000000000  0.000000000  0.000000000  0.000000000  0.000000000  0.000000000
  0.672   0.067200   0.000000000  0.000000000  0.000000000  0.000000000  0.000000000  0.000000000
  0.673   0.067300   0.000000000  0.000000000  0.000000000  0.000000000  0.000000000  0.000000000
  0.674   0.067400   0.000000000  0.000000000  0.000000000  0.000000000  0.000000000  0.000000000
  0.675   0.067500   0.000000000  0.000000000  0.000000000  0.000000000  0.000000000  0.000000000
  0.676   0.067600   0.000000000  0.000000000  0.000000000  0.000000000  0.000000000  0.000000000
  0.677   0.067700   0.000000000  0.000000000  0.000000000  0.000000000  0.000000000  0.000000000
  0.678   0.067800   0.000000000  0.000000000  0.000000000  0.000000000  0.000000000  0.000000000
  0.679   0.067900   0.000000000  0.000000000  0.000000000  0.000000000  0.000000000  0.000000000
  0.680   0.068000   0.000000000  0.000000000  0.000000000  0.000000000  0.000000000  0.000000000
  0.681   0.068100   0.000000000  0.000000000  0.000000000  0.000000000  0.000000000  0.000000000
  0.682   0.068200   0.000000000  0.000000000  0.000000000  0.000000000  0.000000000  0.000000000
  0.683   0.068300   0.000000000  0.000000000  0.000000000  0.000000000  0.000000000  0.000000000
  0.684   0.068400   0.000000000  0.000000000  0.000000000  0.000000000  0.000000000  0.000000000
  0.685   0.068500   0.000000000  0.000000000  0.000000000  0.000000000  0.000000000  0.000000000
  0.686   0.068600   0.000000000  0.000000000  0.000000000  0.000000000  0.000000000  0.000000000
  0.687   0.068700   0.000000000  0.000000000  0.000000000  0.000000000  0.000000000  0.000000000
  0.688   0.068800   0.000000000  0.000000000  0.000000000  0.000000000  0.000000000  0.000000000
  0.689   0.068900   0.000000000  0.000000000  0.000000000  0.000000000  0.000000000  0.000000000
  0.690   0.069000   0.000000000  0.000000000  0.000000000  0.000000000  0.000000000  0.000000000
  0.691   0.069100   0.000000000  0.000000000  0.000000000  0.000000000  0.000000000  0.000000000
  0.692   0.069200   0.000000000  0.000000000  0.000000000  0.000000000  0.000000000  0.000000000
  0.693   0.069300   0.000000000  0.000000000  0.000000000  0.000000000  0.000000000  0.000000000
  0.694   0.069400   0.000000000  0.000000000  0.000000000  0.000000000  0.000000000  0.000000000
  0.695   0.069500   0.000000000  0.000000000  0.000000000  0.000000000  0.000000000  0.000000000
  0.696   0.069600   0.000000000  0.000000000  0.000000000  0.000000000  0.000000000  0.000000000
  0.697   0.069700   0.000000000  0.000000000  0.000000000  0.000000000  0.000000000  0.000000000
  0.698   0.069800   0.000000000  0.000000000  0.000000000  0.000000000  0.000000000  0.000000000
  0.699   0.069900   0.000000000  0.000000000  0.000000000  0.000000000  0.000000000  0.000000000
  0.700   0.070000   0.000000000  0.000000000  0.000000000  0.000000000  0.000000000  0.000000000
  0.701   0.070100   0.000000000  0.000000000  0.000000000  0.000000000  0.000000000  0.000000000
  0.702   0.070200   0.000000000  0.000000000  0.000000000  0.000000000  0.000000000  0.000000000
  0.703   0.070300   0.000000000  0.000000000  0.000000000  0.000000000  0.000000000  0.000000000
  0.704   0.070400   0.000000000  0.000000000  0.000000000  0.000000000  0.000000000  0.000000000
  0.705   0.070500   0.000000000  0.000000000  0.000000000  0.000000000  0.000000000  0.000000000
  0.706   0.070600   0.000000000  0.000000000  0.000000000  0.000000000  0.000000000  0.000000000
  0.707   0.070700   0.000000000  0.000000000  0.000000000  0.000000000  0.000000000  0.000000000
  0.708   0.070800   0.000000000  0.000000000  0.000000000  0.000000000  0.000000000  0.000000000
  0.709   0.070900   0.000000000  0.000000000  0.000000000  0.000000000  0.000000000  0.000000000
  0.710   0.071000   0.000000000  0.000000000  0.000000000  0.000000000  0.000000000  0.000000000
  0.711   0.071100   0.000000000  0.000000000  0.000000000  0.000000000  0.000000000  0.000000000
  0.712   0.071200   0.000000000  0.000000000  0.000000000  0.000000000  0.000000000  0.000000000
  0.713   0.071300   0.000000000  0.000000000  0.000000000  0.000000000  0.000000000  0.000000000
  0.714   0.071400   0.000000000  0.000000000  0.000000000  0.000000000  0.000000000  0.000000000
  0.715   0.071500   0.000000000  0.000000000  0.000000000  0.000000000  0.000000000  0.000000000
  0.716   0.071600   0.000000000  0.000000000  0.000000000  0.000000000  0.000000000  0.000000000
  0.717   0.071700   0.000000000  0.000000000  0.000000000  0.000000000  0.000000000  0.000000000
  0.718   0.071800   0.000000000  0.000000000  0.000000000  0.000000000  0.000000000  0.000000000
  0.719   0.071900   0.000000000  0.000000000  0.000000000  0.000000000  0.000000000  0.000000000
  0.720   0.072000   0.000000000  0.000000000  0.000000000  0.000000000  0.000000000  0.000000000
  0.721   0.072100   0.000000000  0.000000000  0.000000000  0.000000000  0.000000000  0.000000000
  0.722   0.072200   0.000000000  0.000000000  0.000000000  0.000000000  0.000000000  0.000000000
  0.723   0.072300   0.000000000  0.000000000  0.000000000  0.000000000  0.000000000  0.000000000
  0.724   0.072400   0.000000000  0.000000000  0.000000000  0.000000000  0.000000000  0.000000000
  0.725   0.072500   0.000000000  0.000000000  0.000000000  0.000000000  0.000000000  0.000000000
  0.726   0.072600   0.000000000  0.000000000  0.000000000  0.000000000  0.000000000  0.000000000
  0.727   0.072700   0.000000000  0.000000000  0.000000000  0.000000000  0.000000000  0.000000000
  0.728   0.072800   0.000000000  0.000000000  0.000000000  0.000000000  0.000000000  0.000000000
  0.729   0.072900   0.000000000  0.000000000  0.000000000  0.000000000  0.000000000  0.000000000
  0.730   0.073000   0.000000000  0.000000000  0.000000000  0.000000000  0.000000000  0.000000000
  0.731   0.073100   0.000000000  0.000000000  0.000000000  0.000000000  0.000000000  0.000000000
  0.732   0.073200   0.000000000  0.000000000  0.000000000  0.000000000  0.000000000  0.000000000
  0.733   0.073300   0.000000000  0.000000000  0.000000000  0.000000000  0.000000000  0.000000000
  0.734   0.073400   0.000000000  0.000000000  0.000000000  0.000000000  0.000000000  0.000000000
  0.735   0.073500   0.000000000  0.000000000  0.000000000  0.000000000  0.000000000  0.000000000
  0.736   0.073600   0.000000000  0.000000000  0.000000000  0.000000000  0.000000000  0.000000000
  0.737   0.073700   0.000000000  0.000000000  0.000000000  0.000000000  0.000000000  0.000000000
  0.738   0.073800   0.000000000  0.000000000  0.000000000  0.000000000  0.000000000  0.000000000
  0.739   0.073900   0.000000000  0.000000000  0.000000000  0.000000000  0.000000000  0.000000000
  0.740   0.074000   0.000000000  0.000000000  0.000000000  0.000000000  0.000000000  0.000000000
  0.741   0.074100   0.000000000  0.000000000  0.000000000  0.000000000  0.000000000  0.000000000
  0.742   0.074200   0.000000000  0.000000000  0.000000000  0.000000000  0.000000000  0.000000000
  0.743   0.074300   0.000000000  0.000000000  0.000000000  0.000000000  0.000000000  0.000000000
  0.744   0.074400   0.000000000  0.000000000  0.000000000  0.000000000  0.000000000  0.000000000
  0.745   0.074500   0.000000000  0.000000000  0.000000000  0.000000000  0.000000000  0.000000000
  0.746   0.074600   0.000000000  0.000000000  0.000000000  0.000000000  0.000000000  0.000000000
  0.747   0.074700   0.000000000  0.000000000  0.000000000  0.000000000  0.000000000  0.000000000
  0.748   0.074800   0.000000000  0.000000000  0.000000000  0.000000000  0.000000000  0.000000000
  0.749   0.074900   0.000000000  0.000000000  0.000000000  0.000000000  0.000000000  0.000000000
  0.750   0.075000   0.000000000  0.000000000  0.000000000  0.000000000  0.000000000  0.000000000
  0.751   0.075100   0.000000000  0.000000000  0.000000000  0.000000000  0.000000000  0.000000000
  0.752   0.075200   0.000000000  0.000000000  0.000000000  0.000000000  0.000000000  0.000000000
  0.753   0.075300   0.000000000  0.000000000  0.000000000  0.000000000  0.000000000  0.000000000
  0.754   0.075400   0.000000000  0.000000000  0.000000000  0.000000000  0.000000000  0.000000000
  0.755   0.075500   0.000000000  0.000000000  0.000000000  0.000000000  0.000000000  0.000000000
  0.756   0.075600   0.000000000  0.000000000  0.000000000  0.000000000  0.000000000  0.000000000
  0.757   0.075700   0.000000000  0.000000000  0.000000000  0.000000000  0.000000000  0.000000000
  0.758   0.075800   0.000000000  0.000000000  0.000000000  0.000000000  0.000000000  0.000000000
  0.759   0.075900   0.000000000  0.000000000  0.000000000  0.000000000  0.000000000  0.000000000
  0.760   0.076000   0.000000000  0.000000000  0.000000000  0.000000000  0.000000000  0.000000000
  0.761   0.076100   0.000000000  0.000000000  0.000000000  0.000000000  0.000000000  0.000000000
  0.762   0.076200   0.000000000  0.000000000  0.000000000  0.000000000  0.000000000  0.000000000
  0.763   0.076300   0.000000000  0.000000000  0.000000000  0.000000000  0.000000000  0.000000000
  0.764   0.076400   0.000000000  0.000000000  0.000000000  0.000000000  0.000000000  0.000000000
  0.765   0.076500   0.000000000  0.000000000  0.000000000  0.000000000  0.000000000  0.000000000
  0.766   0.076600   0.000000000  0.000000000  0.000000000  0.000000000  0.000000000  0.000000000
  0.767   0.076700   0.000000000  0.000000000  0.000000000  0.000000000  0.000000000  0.000000000
  0.768   0.076800   0.000000000  0.000000000  0.000000000  0.000000000  0.000000000  0.000000000
  0.769   0.076900   0.000000000  0.000000000  0.000000000  0.000000000  0.000000000  0.000000000
  0.770   0.077000   0.000000000  0.000000000  0.000000000  0.000000000  0.000000000  0.000000000
  0.771   0.077100   0.000000000  0.000000000  0.000000000  0.000000000  0.000000000  0.000000000
  0.772   0.077200   0.000000000  0.000000000  0.000000000  0.000000000  0.000000000  0.000000000
  0.773   0.077300   0.000000000  0.000000000  0.000000000  0.000000000  0.000000000  0.000000000
  0.774   0.077400   0.000000000  0.000000000  0.000000000  0.000000000  0.000000000  0.000000000
  0.775   0.077500   0.000000000  0.000000000  0.000000000  0.000000000  0.000000000  0.000000000
  0.776   0.077600   0.000000000  0.000000000  0.000000000  0.000000000  0.000000000  0.000000000
  0.777   0.077700   0.000000000  0.000000000  0.000000000  0.000000000  0.000000000  0.000000000
  0.778   0.077800   0.000000000  0.000000000  0.000000000  0.000000000  0.000000000  0.000000000
  0.779   0.077900   0.000000000  0.000000000  0.000000000  0.000000000  0.000000000  0.000000000
  0.780   0.078000   0.000000000  0.000000000  0.000000000  0.000000000  0.000000000  0.000000000
  0.781   0.078100   0.000000000  0.000000000  0.000000000  0.000000000  0.000000000  0.000000000
  0.782   0.078200   0.000000000  0.000000000  0.000000000  0.000000000  0.000000000  0.000000000
  0.783   0.078300   0.000000000  0.000000000  0.000000000  0.000000000  0.000000000  0.000000000
  0.784   0.078400   0.000000000  0.000000000  0.000000000  0.000000000  0.000000000  0.000000000
  0.785   0.078500   0.000000000  0.000000000  0.000000000  0.000000000  0.000000000  0.000000000
  0.786   0.078600   0.000000000  0.000000000  0.000000000  0.000000000  0.000000000  0.000000000
  0.787   0.078700   0.000000000  0.000000000  0.000000000  0.000000000  0.000000000  0.000000000
  0.788   0.078800   0.000000000  0.000000000  0.000000000  0.000000000  0.000000000  0.000000000
  0.789   0.078900   0.000000000  0.000000000  0.000000000  0.000000000  0.000000000  0.000000000
  0.790   0.079000   0.000000000  0.000000000  0.000000000  0.000000000  0.000000000  0.000000000
  0.791   0.079100   0.000000000  0.000000000  0.000000000  0.000000000  0.000000000  0.000000000
  0.792   0.079200   0.000000000  0.000000000  0.000000000  0.000000000  0.000000000  0.000000000
  0.793   0.079300   0.000000000  0.000000000  0.000000000  0.000000000  0.000000000  0.000000000
  0.794   0.079400   0.000000000  0.000000000  0.000000000  0.000000000  0.000000000  0.000000000
  0.795   0.079500   0.000000000  0.000000000  0.000000000  0.000000000  0.000000000  0.000000000
  0.796   0.079600   0.000000000  0.000000000  0.000000000  0.000000000  0.000000000  0.000000000
  0.797   0.079700   0.000000000  0.000000000  0.000000000  0.000000000  0.000000000  0.000000000
  0.798   0.079800   0.000000000  0.000000000  0.000000000  0.000000000  0.000000000  0.000000000
  0.799   0.079900   0.000000000  0.000000000  0.000000000  0.000000000  0.000000000  0.000000000
  0.800   0.080000   0.000000000  0.000000000  0.000000000  0.000000000  0.000000000  0.000000000
  0.801   0.080100   0.000000000  0.000000000  0.000000000  0.000000000  0.000000000  0.000000000
  0.802   0.080200   0.000000000  0.000000000  0.000000000  0.000000000  0.000000000  0.000000000
  0.803   0.080300   0.000000000  0.000000000  0.000000000  0.000000000  0.000000000  0.000000000
  0.804   0.080400   0.000000000  0.000000000  0.000000000  0.000000000  0.000000000  0.000000000
  0.805   0.080500   0.000000000  0.000000000  0.000000000  0.000000000  0.000000000  0.000000000
  0.806   0.080600   0.000000000  0.000000000  0.000000000  0.000000000  0.000000000  0.000000000
  0.807   0.080700   0.000000000  0.000000000  0.000000000  0.000000000  0.000000000  0.000000000
  0.808   0.080800   0.000000000  0.000000000  0.000000000  0.000000000  0.000000000  0.000000000
  0.809   0.080900   0.000000000  0.000000000  0.000000000  0.000000000  0.000000000  0.000000000
  0.810   0.081000   0.000000000  0.000000000  0.000000000  0.000000000  0.000000000  0.000000000
  0.811   0.081100   0.000000000  0.000000000  0.000000000  0.000000000  0.000000000  0.000000000
  0.812   0.081200   0.000000000  0.000000000  0.000000000  0.000000000  0.000000000  0.000000000
  0.813   0.081300   0.000000000  0.000000000  0.000000000  0.000000000  0.000000000  0.000000000
  0.814   0.081400   0.000000000  0.000000000  0.000000000  0.000000000  0.000000000  0.000000000
  0.815   0.081500   0.000000000  0.000000000  0.000000000  0.000000000  0.000000000  0.000000000
  0.816   0.081600   0.000000000  0.000000000  0.000000000  0.000000000  0.000000000  0.000000000
  0.817   0.081700   0.000000000  0.000000000  0.000000000  0.000000000  0.000000000  0.000000000
  0.818   0.081800   0.000000000  0.000000000  0.000000000  0.000000000  0.000000000  0.000000000
  0.819   0.081900   0.000000000  0.000000000  0.000000000  0.000000000  0.000000000  0.000000000
  0.820   0.082000   0.000000000  0.000000000  0.000000000  0.000000000  0.000000000  0.000000000
  0.821   0.082100   0.000000000  0.000000000  0.000000000  0.000000000  0.000000000  0.000000000
  0.822   0.082200   0.000000000  0.000000000  0.000000000  0.000000000  0.000000000  0.000000000
  0.823   0.082300   0.000000000  0.000000000  0.000000000  0.000000000  0.000000000  0.000000000
  0.824   0.082400   0.000000000  0.000000000  0.000000000  0.000000000  0.000000000  0.000000000
  0.825   0.082500   0.000000000  0.000000000  0.000000000  0.000000000  0.000000000  0.000000000
  0.826   0.082600   0.000000000  0.000000000  0.000000000  0.000000000  0.000000000  0.000000000
  0.827   0.082700   0.000000000  0.000000000  0.000000000  0.000000000  0.000000000  0.000000000
  0.828   0.082800   0.000000000  0.000000000  0.000000000  0.000000000  0.000000000  0.000000000
  0.829   0.082900   0.000000000  0.000000000  0.000000000  0.000000000  0.000000000  0.000000000
  0.830   0.083000   0.000000000  0.000000000  0.000000000  0.000000000  0.000000000  0.000000000
  0.831   0.083100   0.000000000  0.000000000  0.000000000  0.000000000  0.000000000  0.000000000
  0.832   0.083200   0.000000000  0.000000000  0.000000000  0.000000000  0.000000000  0.000000000
  0.833   0.083300   0.000000000  0.000000000  0.000000000  0.000000000  0.000000000  0.000000000
  0.834   0.083400   0.000000000  0.000000000  0.000000000  0.000000000  0.000000000  0.000000000
  0.835   0.083500   0.000000000  0.000000000  0.000000000  0.000000000  0.000000000  0.000000000
  0.836   0.083600   0.000000000  0.000000000  0.000000000  0.000000000  0.000000000  0.000000000
  0.837   0.083700   0.000000000  0.000000000  0.000000000  0.000000000  0.000000000  0.000000000
  0.838   0.083800   0.000000000  0.000000000  0.000000000  0.000000000  0.000000000  0.000000000
  0.839   0.083900   0.000000000  0.000000000  0.000000000  0.000000000  0.000000000  0.000000000
  0.840   0.084000   0.000000000  0.000000000  0.000000000  0.000000000  0.000000000  0.000000000
  0.841   0.084100   0.000000000  0.000000000  0.000000000  0.000000000  0.000000000  0.000000000
  0.842   0.084200   0.000000000  0.000000000  0.000000000  0.000000000  0.000000000  0.000000000
  0.843   0.084300   0.000000000  0.000000000  0.000000000  0.000000000  0.000000000  0.000000000
  0.844   0.084400   0.000000000  0.000000000  0.000000000  0.000000000  0.000000000  0.000000000
  0.845   0.084500   0.000000000  0.000000000  0.000000000  0.000000000  0.000000000  0.000000000
  0.846   0.084600   0.000000000  0.000000000  0.000000000  0.000000000  0.000000000  0.000000000
  0.847   0.084700   0.000000000  0.000000000  0.000000000  0.000000000  0.000000000  0.000000000
  0.848   0.084800   0.000000000  0.000000000  0.000000000  0.000000000  0.000000000  0.000000000
  0.849   0.084900   0.000000000  0.000000000  0.000000000  0.000000000  0.000000000  0.000000000
  0.850   0.085000   0.000000000  0.000000000  0.000000000  0.000000000  0.000000000  0.000000000
  0.851   0.085100   0.000000000  0.000000000  0.000000000  0.000000000  0.000000000  0.000000000
  0.852   0.085200   0.000000000  0.000000000  0.000000000  0.000000000  0.000000000  0.000000000
  0.853   0.085300   0.000000000  0.000000000  0.000000000  0.000000000  0.000000000  0.000000000
  0.854   0.085400   0.000000000  0.000000000  0.000000000  0.000000000  0.000000000  0.000000000
  0.855   0.085500   0.000000000  0.000000000  0.000000000  0.000000000  0.000000000  0.000000000
  0.856   0.085600   0.000000000  0.000000000  0.000000000  0.000000000  0.000000000  0.000000000
  0.857   0.085700   0.000000000  0.000000000  0.000000000  0.000000000  0.000000000  0.000000000
  0.858   0.085800   0.000000000  0.000000000  0.000000000  0.000000000  0.000000000  0.000000000
  0.859   0.085900   0.000000000  0.000000000  0.000000000  0.000000000  0.000000000  0.000000000
  0.860   0.086000   0.000000000  0.000000000  0.000000000  0.000000000  0.000000000  0.000000000
  0.861   0.086100   0.000000000  0.000000000  0.000000000  0.000000000  0.000000000  0.000000000
  0.862   0.086200   0.000000000  0.000000000  0.000000000  0.000000000  0.000000000  0.000000000
  0.863   0.086300   0.000000000  0.000000000  0.000000000  0.000000000  0.000000000  0.000000000
  0.864   0.086400   0.000000000  0.000000000  0.000000000  0.000000000  0.000000000  0.000000000
  0.865   0.086500   0.000000000  0.000000000  0.000000000  0.000000000  0.000000000  0.000000000
  0.866   0.086600   0.000000000  0.000000000  0.000000000  0.000000000  0.000000000  0.000000000
  0.867   0.086700   0.000000000  0.000000000  0.000000000  0.000000000  0.000000000  0.000000000
  0.868   0.086800   0.000000000  0.000000000  0.000000000  0.000000000  0.000000000  0.000000000
  0.869   0.086900   0.000000000  0.000000000  0.000000000  0.000000000  0.000000000  0.000000000
  0.870   0.087000   0.000000000  0.000000000  0.000000000  0.000000000  0.000000000  0.000000000
  0.871   0.087100   0.000000000  0.000000000  0.000000000  0.000000000  0.000000000  0.000000000
  0.872   0.087200   0.000000000  0.000000000  0.000000000  0.000000000  0.000000000  0.000000000
  0.873   0.087300   0.000000000  0.000000000  0.000000000  0.000000000  0.000000000  0.000000000
  0.874   0.087400   0.000000000  0.000000000  0.000000000  0.000000000  0.000000000  0.000000000
  0.875   0.087500   0.000000000  0.000000000  0.000000000  0.000000000  0.000000000  0.000000000
  0.876   0.087600   0.000000000  0.000000000  0.000000000  0.000000000  0.000000000  0.000000000
  0.877   0.087700   0.000000000  0.000000000  0.000000000  0.000000000  0.000000000  0.000000000
  0.878   0.087800   0.000000000  0.000000000  0.000000000  0.000000000  0.000000000  0.000000000
  0.879   0.087900   0.000000000  0.000000000  0.000000000  0.000000000  0.000000000  0.000000000
  0.880   0.088000   0.000000000  0.000000000  0.000000000  0.000000000  0.000000000  0.000000000
  0.881   0.088100   0.000000000  0.000000000  0.000000000  0.000000000  0.000000000  0.000000000
  0.882   0.088200   0.000000000  0.000000000  0.000000000  0.000000000  0.000000000  0.000000000
  0.883   0.088300   0.000000000  0.000000000  0.000000000  0.000000000  0.000000000  0.000000000
  0.884   0.088400   0.000000000  0.000000000  0.000000000  0.000000000  0.000000000  0.000000000
  0.885   0.088500   0.000000000  0.000000000  0.000000000  0.000000000  0.000000000  0.000000000
  0.886   0.088600   0.000000000  0.000000000  0.000000000  0.000000000  0.000000000  0.000000000
  0.887   0.088700   0.000000000  0.000000000  0.000000000  0.000000000  0.000000000  0.000000000
  0.888   0.088800   0.000000000  0.000000000  0.000000000  0.000000000  0.000000000  0.000000000
  0.889   0.088900   0.000000000  0.000000000  0.000000000  0.000000000  0.000000000  0.000000000
  0.890   0.089000   0.000000000  0.000000000  0.000000000  0.000000000  0.000000000  0.000000000
  0.891   0.089100   0.000000000  0.000000000  0.000000000  0.000000000  0.000000000  0.000000000
  0.892   0.089200   0.000000000  0.000000000  0.000000000  0.000000000  0.000000000  0.000000000
  0.893   0.089300   0.000000000  0.000000000  0.000000000  0.000000000  0.000000000  0.000000000
  0.894   0.089400   0.000000000  0.000000000  0.000000000  0.000000000  0.000000000  0.000000000
  0.895   0.089500   0.000000000  0.000000000  0.000000000  0.000000000  0.000000000  0.000000000
  0.896   0.089600   0.000000000  0.000000000  0.000000000  0.000000000  0.000000000  0.000000000
  0.897   0.089700   0.000000000  0.000000000  0.000000000  0.000000000  0.000000000  0.000000000
  0.898   0.089800   0.000000000  0.000000000  0.000000000  0.000000000  0.000000000  0.000000000
  0.899   0.089900   0.000000000  0.000000000  0.000000000  0.000000000  0.000000000  0.000000000
  0.900   0.090000   0.000000000  0.000000000  0.000000000  0.000000000  0.000000000  0.000000000
  0.901   0.090100   0.000000000  0.000000000  0.000000000  0.000000000  0.000000000  0.000000000
  0.902   0.090200   0.000000000  0.000000000  0.000000000  0.000000000  0.000000000  0.000000000
  0.903   0.090300   0.000000000  0.000000000  0.000000000  0.000000000  0.000000000  0.000000000
  0.904   0.090400   0.000000000  0.000000000  0.000000000  0.000000000  0.000000000  0.000000000
  0.905   0.090500   0.000000000  0.000000000  0.000000000  0.000000000  0.000000000  0.000000000
  0.906   0.090600   0.000000000  0.000000000  0.000000000  0.000000000  0.000000000  0.000000000
  0.907   0.090700   0.000000000  0.000000000  0.000000000  0.000000000  0.000000000  0.000000000
  0.908   0.090800   0.000000000  0.000000000  0.000000000  0.000000000  0.000000000  0.000000000
  0.909   0.090900   0.000000000  0.000000000  0.000000000  0.000000000  0.000000000  0.000000000
  0.910   0.091000   0.000000000  0.000000000  0.000000000  0.000000000  0.000000000  0.000000000
  0.911   0.091100   0.000000000  0.000000000  0.000000000  0.000000000  0.000000000  0.000000000
  0.912   0.091200   0.000000000  0.000000000  0.000000000  0.000000000  0.000000000  0.000000000
  0.913   0.091300   0.000000000  0.000000000  0.000000000  0.000000000  0.000000000  0.000000000
  0.914   0.091400   0.000000000  0.000000000  0.000000000  0.000000000  0.000000000  0.000000000
  0.915   0.091500   0.000000000  0.000000000  0.000000000  0.000000000  0.000000000  0.000000000
  0.916   0.091600   0.000000000  0.000000000  0.000000000  0.000000000  0.000000000  0.000000000
  0.917   0.091700   0.000000000  0.000000000  0.000000000  0.000000000  0.000000000  0.000000000
  0.918   0.091800   0.000000000  0.000000000  0.000000000  0.000000000  0.000000000  0.000000000
  0.919   0.091900   0.000000000  0.000000000  0.000000000  0.000000000  0.000000000  0.000000000
  0.920   0.092000   0.000000000  0.000000000  0.000000000  0.000000000  0.000000000  0.000000000
  0.921   0.092100   0.000000000  0.000000000  0.000000000  0.000000000  0.000000000  0.000000000
  0.922   0.092200   0.000000000  0.000000000  0.000000000  0.000000000  0.000000000  0.000000000
  0.923   0.092300   0.000000000  0.000000000  0.000000000  0.000000000  0.000000000  0.000000000
  0.924   0.092400   0.000000000  0.000000000  0.000000000  0.000000000  0.000000000  0.000000000
  0.925   0.092500   0.000000000  0.000000000  0.000000000  0.000000000  0.000000000  0.000000000
  0.926   0.092600   0.000000000  0.000000000  0.000000000  0.000000000  0.000000000  0.000000000
  0.927   0.092700   0.000000000  0.000000000  0.000000000  0.000000000  0.000000000  0.000000000
  0.928   0.092800   0.000000000  0.000000000  0.000000000  0.000000000  0.000000000  0.000000000
  0.929   0.092900   0.000000000  0.000000000  0.000000000  0.000000000  0.000000000  0.000000000
  0.930   0.093000   0.000000000  0.000000000  0.000000000  0.000000000  0.000000000  0.000000000
  0.931   0.093100   0.000000000  0.000000000  0.000000000  0.000000000  0.000000000  0.000000000
  0.932   0.093200   0.000000000  0.000000000  0.000000000  0.000000000  0.000000000  0.000000000
  0.933   0.093300   0.000000000  0.000000000  0.000000000  0.000000000  0.000000000  0.000000000
  0.934   0.093400   0.000000000  0.000000000  0.000000000  0.000000000  0.000000000  0.000000000
  0.935   0.093500   0.000000000  0.000000000  0.000000000  0.000000000  0.000000000  0.000000000
  0.936   0.093600   0.000000000  0.000000000  0.000000000  0.000000000  0.000000000  0.000000000
  0.937   0.093700   0.000000000  0.000000000  0.000000000  0.000000000  0.000000000  0.000000000
  0.938   0.093800   0.000000000  0.000000000  0.000000000  0.000000000  0.000000000  0.000000000
  0.939   0.093900   0.000000000  0.000000000  0.000000000  0.000000000  0.000000000  0.000000000
  0.940   0.094000   0.000000000  0.000000000  0.000000000  0.000000000  0.000000000  0.000000000
  0.941   0.094100   0.000000000  0.000000000  0.000000000  0.000000000  0.000000000  0.000000000
  0.942   0.094200   0.000000000  0.000000000  0.000000000  0.000000000  0.000000000  0.000000000
  0.943   0.094300   0.000000000  0.000000000  0.000000000  0.000000000  0.000000000  0.000000000
  0.944   0.094400   0.000000000  0.000000000  0.000000000  0.000000000  0.000000000  0.000000000
  0.945   0.094500   0.000000000  0.000000000  0.000000000  0.000000000  0.000000000  0.000000000
  0.946   0.094600   0.000000000  0.000000000  0.000000000  0.000000000  0.000000000  0.000000000
  0.947   0.094700   0.000000000  0.000000000  0.000000000  0.000000000  0.000000000  0.000000000
  0.948   0.094800   0.000000000  0.000000000  0.000000000  0.000000000  0.000000000  0.000000000
  0.949   0.094900   0.000000000  0.000000000  0.000000000  0.000000000  0.000000000  0.000000000
  0.950   0.095000   0.000000000  0.000000000  0.000000000  0.000000000  0.000000000  0.000000000
  0.951   0.095100   0.000000000  0.000000000  0.000000000  0.000000000  0.000000000  0.000000000
  0.952   0.095200   0.000000000  0.000000000  0.000000000  0.000000000  0.000000000  0.000000000
  0.953   0.095300   0.000000000  0.000000000  0.000000000  0.000000000  0.000000000  0.000000000
  0.954   0.095400   0.000000000  0.000000000  0.000000000  0.000000000  0.000000000  0.000000000
  0.955   0.095500   0.000000000  0.000000000  0.000000000  0.000000000  0.000000000  0.000000000
  0.956   0.095600   0.000000000  0.000000000  0.000000000  0.000000000  0.000000000  0.000000000
  0.957   0.095700   0.000000000  0.000000000  0.000000000  0.000000000  0.000000000  0.000000000
  0.958   0.095800   0.000000000  0.000000000  0.000000000  0.000000000  0.000000000  0.000000000
  0.959   0.095900   0.000000000  0.000000000  0.000000000  0.000000000  0.000000000  0.000000000
  0.960   0.096000   0.000000000  0.000000000  0.000000000  0.000000000  0.000000000  0.000000000
  0.961   0.096100   0.000000000  0.000000000  0.000000000  0.000000000  0.000000000  0.000000000
  0.962   0.096200   0.000000000  0.000000000  0.000000000  0.000000000  0.000000000  0.000000000
  0.963   0.096300   0.000000000  0.000000000  0.000000000  0.000000000  0.000000000  0.000000000
  0.964   0.096400   0.000000000  0.000000000  0.000000000  0.000000000  0.000000000  0.000000000
  0.965   0.096500   0.000000000  0.000000000  0.000000000  0.000000000  0.000000000  0.000000000
  0.966   0.096600   0.000000000  0.000000000  0.000000000  0.000000000  0.000000000  0.000000000
  0.967   0.096700   0.000000000  0.000000000  0.000000000  0.000000000  0.000000000  0.000000000
  0.968   0.096800   0.000000000  0.000000000  0.000000000  0.000000000  0.000000000  0.000000000
  0.969   0.096900   0.000000000  0.000000000  0.000000000  0.000000000  0.000000000  0.000000000
  0.970   0.097000   0.000000000  0.000000000  0.000000000  0.000000000  0.000000000  0.000000000
  0.971   0.097100   0.000000000  0.000000000  0.000000000  0.000000000  0.000000000  0.000000000
  0.972   0.097200   0.000000000  0.000000000  0.000000000  0.000000000  0.000000000  0.000000000
  0.973   0.097300   0.000000000  0.000000000  0.000000000  0.000000000  0.000000000  0.000000000
  0.974   0.097400   0.000000000  0.000000000  0.000000000  0.000000000  0.000000000  0.000000000
  0.975   0.097500   0.000000000  0.000000000  0.000000000  0.000000000  0.000000000  0.000000000
  0.976   0.097600   0.000000000  0.000000000  0.000000000  0.000000000  0.000000000  0.000000000
  0.977   0.097700   0.000000000  0.000000000  0.000000000  0.000000000  0.000000000  0.000000000
  0.978   0.097800   0.000000000  0.000000000  0.000000000  0.000000000  0.000000000  0.000000000
  0.979   0.097900   0.000000000  0.000000000  0.000000000  0.000000000  0.000000000  0.000000000
  0.980   0.098000   0.000000000  0.000000000  0.000000000  0.000000000  0.000000000  0.000000000
  0.981   0.098100   0.000000000  0.000000000  0.000000000  0.000000000  0.000000000  0.000000000
  0.982   0.098200   0.000000000  0.000000000  0.000000000  0.000000000  0.000000000  0.000000000
  0.983   0.098300   0.000000000  0.000000000  0.000000000  0.000000000  0.000000000  0.000000000
  0.984   0.098400   0.000000000  0.000000000  0.000000000  0.000000000  0.000000000  0.000000000
  0.985   0.098500   0.000000000  0.000000000  0.000000000  0.000000000  0.000000000  0.000000000
  0.986   0.098600   0.000000000  0.000000000  0.000000000  0.000000000  0.000000000  0.000000000
  0.987   0.098700   0.000000000  0.000000000  0.000000000  0.000000000  0.000000000  0.000000000
  0.988   0.098800   0.000000000  0.000000000  0.000000000  0.000000000  0.000000000  0.000000000
  0.989   0.098900   0.000000000  0.000000000  0.000000000  0.000000000  0.000000000  0.000000000
  0.990   0.099000   0.000000000  0.000000000  0.000000000  0.000000000  0.000000000  0.000000000
  0.991   0.099100   0.000000000  0.000000000  0.000000000  0.000000000  0.000000000  0.000000000
  0.992   0.099200   0.000000000  0.000000000  0.000000000  0.000000000  0.000000000  0.000000000
  0.993   0.099300   0.000000000  0.000000000  0.000000000  0.000000000  0.000000000  0.000000000
  0.994   0.099400   0.000000000  0.000000000  0.000000000  0.000000000  0.000000000  0.000000000
  0.995   0.099500   0.000000000  0.000000000  0.000000000  0.000000000  0.000000000  0.000000000
  0.996   0.099600   0.000000000  0.000000000  0.000000000  0.000000000  0.000000000  0.000000000
  0.997   0.099700   0.000000000  0.000000000  0.000000000  0.000000000  0.000000000  0.000000000
  0.998   0.099800   0.000000000  0.000000000  0.000000000  0.000000000  0.000000000  0.000000000
  0.999   0.099900   0.000000000  0.000000000  0.000000000  0.000000000  0.000000000  0.000000000
  1.000   0.100000   0.000000000  0.000000000  0.000000000  0.000000000  0.000000000  0.000000000
